time	V(vin)	V(vout)
0.000000000000000e+000	0.000000e+000	-4.448522e-003
5.714285781063416e-008	3.590392e-006	-4.438138e-003
1.142857156212683e-007	7.180783e-006	-4.419732e-003
1.714285734319025e-007	1.077117e-005	-4.393306e-003
2.285714312425366e-007	1.436156e-005	-4.358859e-003
2.857142890531708e-007	1.795195e-005	-4.316391e-003
3.428571468638050e-007	2.154233e-005	-4.265902e-003
4.000000046744390e-007	2.513271e-005	-4.207392e-003
2.125851458219762e-006	1.335956e-004	-3.127729e-003
3.851702911765085e-006	2.420121e-004	-2.047283e-003
5.577554365310408e-006	3.503821e-004	-9.660538e-004
7.303405818855731e-006	4.587058e-004	1.159591e-004
9.029257272401053e-006	5.669830e-004	1.198755e-003
1.075510872594638e-005	6.752139e-004	2.282335e-003
1.248096017949170e-005	7.833983e-004	3.366698e-003
1.377177300128226e-005	8.642266e-004	4.158258e-003
1.412026085488402e-005	8.860387e-004	4.402157e-003
1.419435341750806e-005	8.906757e-004	4.438951e-003
1.426844598013210e-005	8.953124e-004	4.478763e-003
1.434253854275613e-005	8.999490e-004	4.521592e-003
1.441663110538017e-005	9.045854e-004	4.567439e-003
1.449072366800420e-005	9.092216e-004	4.616304e-003
1.456481623062824e-005	9.138576e-004	4.668187e-003
1.463890879325227e-005	9.184934e-004	4.723087e-003
2.219838011170495e-005	1.392703e-003	9.460511e-003
2.975785143015763e-005	1.861215e-003	1.414188e-002
3.731732274861030e-005	2.324029e-003	1.876719e-002
4.487679406706298e-005	2.781145e-003	2.333644e-002
5.243626538551566e-005	3.232563e-003	2.784964e-002
5.999573670396834e-005	3.678283e-003	3.230678e-002
6.755520802242100e-005	4.118305e-003	3.670787e-002
8.080855623670674e-005	4.873169e-003	4.425564e-002
9.406190445099246e-005	5.582890e-003	5.135216e-002
1.073152526652782e-004	6.247466e-003	5.799745e-002
1.205686008795639e-004	6.866897e-003	6.419149e-002
1.338219490938497e-004	7.441184e-003	6.993428e-002
1.470752973081354e-004	7.970327e-003	7.522583e-002
1.603286455224211e-004	8.454326e-003	8.006614e-002
1.889279758795640e-004	9.275006e-003	8.827459e-002
2.175273062367069e-004	9.785449e-003	9.338129e-002
2.461266365938497e-004	9.985655e-003	9.538624e-002
2.747259669509927e-004	9.875624e-003	9.428944e-002
3.033252973081355e-004	9.455355e-003	9.009090e-002
3.319246276652784e-004	8.724849e-003	8.279060e-002
3.605239580224212e-004	7.684106e-003	7.238856e-002
3.723822169509927e-004	7.178212e-003	6.733181e-002
3.842404758795641e-004	6.640469e-003	6.195655e-002
3.960987348081356e-004	6.070878e-003	5.626279e-002
4.079569937367070e-004	5.469439e-003	5.025052e-002
4.198152526652784e-004	4.836151e-003	4.391975e-002
4.316735115938499e-004	4.171016e-003	3.727047e-002
4.435317705224213e-004	3.474032e-003	3.030270e-002
4.509430685983783e-004	3.029765e-003	2.586242e-002
4.583543666743352e-004	2.581885e-003	2.138561e-002
4.657656647502922e-004	2.130394e-003	1.687226e-002
4.731769628262491e-004	1.675290e-003	1.232237e-002
4.805882609022061e-004	1.216574e-003	7.735942e-003
4.879995589781631e-004	7.542451e-004	3.112976e-003
4.954108570541200e-004	2.883044e-004	-1.546530e-003
5.023863034826914e-004	-1.520201e-004	-5.948824e-003
5.093617499112629e-004	-5.899635e-004	-1.032735e-002
5.163371963398343e-004	-1.025526e-003	-1.468210e-002
5.233126427684057e-004	-1.458706e-003	-1.901309e-002
5.302880891969771e-004	-1.889506e-003	-2.332031e-002
5.372635356255486e-004	-2.317925e-003	-2.760375e-002
5.442389820541201e-004	-2.743962e-003	-3.186343e-002
5.560972409826915e-004	-3.461172e-003	-3.903445e-002
5.679554999112630e-004	-4.150084e-003	-4.592265e-002
5.798137588398344e-004	-4.810699e-003	-5.252803e-002
5.916720177684058e-004	-5.443016e-003	-5.885058e-002
6.035302766969773e-004	-6.047036e-003	-6.489032e-002
6.153885356255487e-004	-6.622758e-003	-7.064723e-002
6.272467945541201e-004	-7.170182e-003	-7.612132e-002
6.418952320541201e-004	-7.780490e-003	-8.222442e-002
6.565436695541202e-004	-8.324933e-003	-8.766915e-002
6.711921070541202e-004	-8.798905e-003	-9.240939e-002
6.809577320541202e-004	-9.073729e-003	-9.515811e-002
6.907233570541202e-004	-9.314400e-003	-9.756541e-002
7.004889820541202e-004	-9.520015e-003	-9.962224e-002
7.102546070541202e-004	-9.689798e-003	-1.013209e-001
7.200202320541202e-004	-9.823111e-003	-1.026549e-001
7.297858570541202e-004	-9.919452e-003	-1.036193e-001
7.395514820541202e-004	-9.978458e-003	-1.042104e-001
7.493171070541202e-004	-9.999908e-003	-1.044261e-001
7.590827320541202e-004	-9.983720e-003	-1.042654e-001
7.688483570541203e-004	-9.929956e-003	-1.037291e-001
7.786139820541203e-004	-9.838819e-003	-1.028191e-001
7.883796070541203e-004	-9.710649e-003	-1.015389e-001
7.981452320541203e-004	-9.545931e-003	-9.989318e-002
8.079108570541203e-004	-9.345285e-003	-9.788828e-002
8.176764820541203e-004	-9.109464e-003	-9.553169e-002
8.323249195541203e-004	-8.691760e-003	-9.135716e-002
8.469733570541203e-004	-8.200480e-003	-8.644693e-002
8.616217945541203e-004	-7.639780e-003	-8.084256e-002
8.762702320541203e-004	-7.014408e-003	-7.459151e-002
8.881284909826918e-004	-6.455628e-003	-6.900590e-002
8.999867499112633e-004	-5.869603e-003	-6.314781e-002
9.118450088398347e-004	-5.256334e-003	-5.701723e-002
9.237032677684061e-004	-4.615819e-003	-5.061418e-002
9.355615266969776e-004	-3.948061e-003	-4.393864e-002
9.474197856255490e-004	-3.253058e-003	-3.699062e-002
9.592780445541204e-004	-2.530810e-003	-2.977013e-002
9.655559463398346e-004	-2.145811e-003	-2.592115e-002
9.718338481255488e-004	-1.758987e-003	-2.205388e-002
9.781117499112631e-004	-1.370337e-003	-1.816834e-002
9.843896516969772e-004	-9.798620e-004	-1.426452e-002
9.906675534826915e-004	-5.875615e-004	-1.034242e-002
9.969454552684058e-004	-1.934356e-004	-6.402034e-003
1.003223357054120e-003	2.025157e-004	-2.443370e-003
1.009719241540727e-003	6.113429e-004	1.644949e-003
1.016215126027334e-003	1.017682e-003	5.708128e-003
1.022711010513941e-003	1.421533e-003	9.746168e-003
1.029206895000548e-003	1.822896e-003	1.375907e-002
1.035702779487155e-003	2.221771e-003	1.774683e-002
1.042198663973762e-003	2.618158e-003	2.170945e-002
1.048694548460369e-003	3.012057e-003	2.564693e-002
1.059855262746083e-003	3.680240e-003	3.232779e-002
1.071015977031797e-003	4.322810e-003	3.875265e-002
1.082176691317511e-003	4.939765e-003	4.492151e-002
1.093337405603225e-003	5.531106e-003	5.083436e-002
1.104498119888940e-003	6.096833e-003	5.649121e-002
1.115658834174654e-003	6.636946e-003	6.189206e-002
1.126819548460367e-003	7.151444e-003	6.703690e-002
1.146350798460367e-003	7.971048e-003	7.523307e-002
1.165882048460367e-003	8.651374e-003	8.203687e-002
1.185413298460366e-003	9.192423e-003	8.744829e-002
1.204944548460366e-003	9.594194e-003	9.146734e-002
1.224475798460365e-003	9.856688e-003	9.409400e-002
1.244007048460365e-003	9.979904e-003	9.532829e-002
1.263538298460365e-003	9.963843e-003	9.517019e-002
1.280976914531793e-003	9.797934e-003	9.351364e-002
1.298415530603221e-003	9.526402e-003	9.080098e-002
1.315854146674649e-003	9.149246e-003	8.703220e-002
1.333292762746077e-003	8.666466e-003	8.220731e-002
1.350731378817506e-003	8.078063e-003	7.632630e-002
1.368169994888934e-003	7.384036e-003	6.938918e-002
1.385608610960362e-003	6.584386e-003	6.139594e-002
1.396071780603219e-003	6.069573e-003	5.624973e-002
1.406534950246076e-003	5.534573e-003	5.090163e-002
1.416998119888933e-003	4.979386e-003	4.535163e-002
1.427461289531790e-003	4.404012e-003	3.959973e-002
1.437924459174647e-003	3.808452e-003	3.364593e-002
1.448387628817504e-003	3.192705e-003	2.749023e-002
1.458850798460360e-003	2.556772e-003	2.113263e-002
1.464256769442503e-003	2.225789e-003	1.782436e-002
1.469662740424646e-003	1.893278e-003	1.450055e-002
1.475068711406789e-003	1.559238e-003	1.116121e-002
1.480474682388932e-003	1.223670e-003	7.806347e-003
1.485880653371074e-003	8.865739e-004	4.435949e-003
1.491286624353217e-003	5.479489e-004	1.050019e-003
1.496692595335360e-003	2.077954e-004	-2.351443e-003
1.504365586406788e-003	-2.770373e-004	-7.198733e-003
1.512038577478217e-003	-7.584528e-004	-1.201190e-002
1.519711568549645e-003	-1.236451e-003	-1.679096e-002
1.527384559621073e-003	-1.711033e-003	-2.153589e-002
1.535057550692502e-003	-2.182197e-003	-2.624670e-002
1.542730541763930e-003	-2.649944e-003	-3.092340e-002
1.550403532835359e-003	-3.114274e-003	-3.556597e-002
1.562959336406787e-003	-3.863847e-003	-4.306065e-002
1.575515139978215e-003	-4.578900e-003	-5.021030e-002
1.588070943549644e-003	-5.259434e-003	-5.701492e-002
1.600626747121072e-003	-5.905447e-003	-6.347453e-002
1.613182550692500e-003	-6.516942e-003	-6.958911e-002
1.625738354263929e-003	-7.093916e-003	-7.535867e-002
1.638294157835357e-003	-7.636371e-003	-8.078321e-002
1.652942595335356e-003	-8.197456e-003	-8.639428e-002
1.667591032835356e-003	-8.689147e-003	-9.131166e-002
1.682239470335356e-003	-9.107284e-003	-9.549373e-002
1.692005095335356e-003	-9.343403e-003	-9.785553e-002
1.701770720335355e-003	-9.544357e-003	-9.986576e-002
1.711536345335355e-003	-9.709386e-003	-1.015169e-001
1.721301970335355e-003	-9.837872e-003	-1.028026e-001
1.731067595335355e-003	-9.929331e-003	-1.037182e-001
1.740833220335355e-003	-9.983418e-003	-1.042601e-001
1.750598845335354e-003	-9.999929e-003	-1.044264e-001
1.760364470335354e-003	-9.978803e-003	-1.042164e-001
1.770130095335354e-003	-9.920119e-003	-1.036309e-001
1.779895720335354e-003	-9.824098e-003	-1.026721e-001
1.789661345335354e-003	-9.691101e-003	-1.013436e-001
1.799426970335353e-003	-9.521630e-003	-9.965037e-002
1.809192595335353e-003	-9.316321e-003	-9.759885e-002
1.818958220335353e-003	-9.075947e-003	-9.519674e-002
1.833606657835353e-003	-8.651654e-003	-9.095632e-002
1.848255095335352e-003	-8.154125e-003	-8.598360e-002
1.862903532835352e-003	-7.587569e-003	-8.032068e-002
1.877551970335352e-003	-6.956783e-003	-7.401548e-002
1.889410229263923e-003	-6.393931e-003	-6.838916e-002
1.901268488192494e-003	-5.804222e-003	-6.249423e-002
1.913126747121065e-003	-5.187656e-003	-5.633069e-002
1.924985006049636e-003	-4.544232e-003	-4.989853e-002
1.936843264978208e-003	-3.873951e-003	-4.319777e-002
1.948701523906779e-003	-3.176812e-003	-3.622839e-002
1.960559782835350e-003	-2.452816e-003	-2.899040e-002
1.966837684621064e-003	-2.067085e-003	-2.513409e-002
1.973115586406778e-003	-1.679653e-003	-2.126074e-002
1.979393488192492e-003	-1.290520e-003	-1.737036e-002
1.985671389978207e-003	-8.996849e-004	-1.346294e-002
1.991949291763921e-003	-5.071492e-004	-9.538475e-003
1.998227193549635e-003	-1.129123e-004	-5.596976e-003
2.004505095335349e-003	2.830257e-004	-1.638438e-003
2.012189147858042e-003	7.664554e-004	3.195964e-003
2.019873200380736e-003	1.245804e-003	7.989250e-003
2.027557252903429e-003	1.721073e-003	1.274142e-002
2.035241305426123e-003	2.192261e-003	1.745247e-002
2.042925357948816e-003	2.659368e-003	2.212241e-002
2.050609410471509e-003	3.122395e-003	2.675122e-002
2.058293462994202e-003	3.581341e-003	3.133893e-002
2.070849266565630e-003	4.316046e-003	3.868503e-002
2.083405070137059e-003	5.013735e-003	4.566114e-002
2.095960873708487e-003	5.674407e-003	5.226726e-002
2.108516677279915e-003	6.298063e-003	5.850340e-002
2.121072480851344e-003	6.884702e-003	6.436954e-002
2.133628284422772e-003	7.434324e-003	6.986569e-002
2.146184087994200e-003	7.946930e-003	7.499185e-002
2.176876052279914e-003	8.974221e-003	8.526609e-002
2.207568016565627e-003	9.645599e-003	9.198196e-002
2.238259980851341e-003	9.961066e-003	9.513945e-002
2.268951945137055e-003	9.920619e-003	9.473857e-002
2.299643909422769e-003	9.524261e-003	9.077931e-002
2.330335873708482e-003	8.771990e-003	8.326168e-002
2.361027837994196e-003	7.663806e-003	7.218567e-002
2.372886096922767e-003	7.156140e-003	6.711119e-002
2.384744355851338e-003	6.616769e-003	6.171964e-002
2.396602614779909e-003	6.045691e-003	5.601101e-002
2.408460873708480e-003	5.442908e-003	4.998530e-002
2.420319132637052e-003	4.808420e-003	4.364252e-002
2.432177391565623e-003	4.142226e-003	3.698266e-002
2.444035650494194e-003	3.444326e-003	3.000573e-002
2.451374999244649e-003	3.004079e-003	2.560570e-002
2.458714347995104e-003	2.560294e-003	2.116986e-002
2.466053696745559e-003	2.112970e-003	1.669820e-002
2.473393045496014e-003	1.662108e-003	1.219071e-002
2.480732394246469e-003	1.207707e-003	7.647402e-003
2.488071742996924e-003	7.497675e-004	3.068273e-003
2.495411091747379e-003	2.882897e-004	-1.546677e-003
2.502386538175950e-003	-1.520348e-004	-5.948971e-003
2.509361984604521e-003	-5.899781e-004	-1.032750e-002
2.516337431033093e-003	-1.025540e-003	-1.468225e-002
2.523312877461664e-003	-1.458721e-003	-1.901323e-002
2.530288323890235e-003	-1.889521e-003	-2.332045e-002
2.537263770318806e-003	-2.317939e-003	-2.760389e-002
2.544239216747378e-003	-2.743976e-003	-3.186357e-002
2.556097475675949e-003	-3.461186e-003	-3.903459e-002
2.567955734604520e-003	-4.150098e-003	-4.592278e-002
2.579813993533091e-003	-4.810712e-003	-5.252816e-002
2.591672252461662e-003	-5.443029e-003	-5.885071e-002
2.603530511390234e-003	-6.047047e-003	-6.489043e-002
2.615388770318805e-003	-6.622769e-003	-7.064734e-002
2.627247029247376e-003	-7.170192e-003	-7.612142e-002
2.641895466747376e-003	-7.780499e-003	-8.222452e-002
2.656543904247375e-003	-8.324942e-003	-8.766922e-002
2.671192341747375e-003	-8.798912e-003	-9.240946e-002
2.680957966747375e-003	-9.073734e-003	-9.515817e-002
2.690723591747375e-003	-9.314406e-003	-9.756546e-002
2.700489216747374e-003	-9.520018e-003	-9.962229e-002
2.710254841747374e-003	-9.689801e-003	-1.013209e-001
2.720020466747374e-003	-9.823114e-003	-1.026549e-001
2.729786091747374e-003	-9.919453e-003	-1.036193e-001
2.739551716747374e-003	-9.978459e-003	-1.042104e-001
2.749317341747373e-003	-9.999908e-003	-1.044261e-001
2.759082966747373e-003	-9.983719e-003	-1.042654e-001
2.768848591747373e-003	-9.929955e-003	-1.037291e-001
2.778614216747373e-003	-9.838816e-003	-1.028191e-001
2.788379841747372e-003	-9.710645e-003	-1.015388e-001
2.798145466747372e-003	-9.545927e-003	-9.989314e-002
2.807911091747372e-003	-9.345279e-003	-9.788823e-002
2.817676716747372e-003	-9.109458e-003	-9.553163e-002
2.832325154247372e-003	-8.691753e-003	-9.135708e-002
2.846973591747371e-003	-8.200470e-003	-8.644684e-002
2.861622029247371e-003	-7.639770e-003	-8.084247e-002
2.876270466747371e-003	-7.014398e-003	-7.459141e-002
2.888128725675942e-003	-6.455617e-003	-6.900578e-002
2.899986984604513e-003	-5.869591e-003	-6.314768e-002
2.911845243533084e-003	-5.256321e-003	-5.701710e-002
2.923703502461655e-003	-4.615806e-003	-5.061404e-002
2.935561761390227e-003	-3.948047e-003	-4.393850e-002
2.947420020318798e-003	-3.253044e-003	-3.699048e-002
2.959278279247369e-003	-2.530796e-003	-2.976999e-002
2.965556181033083e-003	-2.145797e-003	-2.592100e-002
2.971834082818797e-003	-1.758972e-003	-2.205374e-002
2.978111984604511e-003	-1.370323e-003	-1.816820e-002
2.984389886390226e-003	-9.798474e-004	-1.426437e-002
2.990667788175940e-003	-5.875469e-004	-1.034227e-002
2.996945689961654e-003	-1.934209e-004	-6.401886e-003
3.003223591747368e-003	2.025304e-004	-2.443222e-003
3.009719476233975e-003	6.113576e-004	1.645097e-003
3.016215360720582e-003	1.017697e-003	5.708276e-003
3.022711245207189e-003	1.421548e-003	9.746315e-003
3.029207129693796e-003	1.822911e-003	1.375921e-002
3.035703014180403e-003	2.221786e-003	1.774697e-002
3.042198898667010e-003	2.618173e-003	2.170959e-002
3.048694783153617e-003	3.012072e-003	2.564707e-002
3.059855497439331e-003	3.680254e-003	3.232793e-002
3.071016211725045e-003	4.322823e-003	3.875278e-002
3.082176926010759e-003	4.939777e-003	4.492164e-002
3.093337640296473e-003	5.531118e-003	5.083448e-002
3.104498354582187e-003	6.096844e-003	5.649133e-002
3.115659068867901e-003	6.636957e-003	6.189217e-002
3.126819783153615e-003	7.151455e-003	6.703700e-002
3.146351033153615e-003	7.971057e-003	7.523317e-002
3.165882283153614e-003	8.651382e-003	8.203695e-002
3.185413533153614e-003	9.192430e-003	8.744836e-002
3.204944783153614e-003	9.594199e-003	9.146738e-002
3.224476033153613e-003	9.856691e-003	9.409403e-002
3.244007283153613e-003	9.979905e-003	9.532829e-002
3.263538533153612e-003	9.963841e-003	9.517018e-002
3.280977149225040e-003	9.797931e-003	9.351361e-002
3.298415765296469e-003	9.526397e-003	9.080093e-002
3.315854381367897e-003	9.149240e-003	8.703214e-002
3.333292997439325e-003	8.666459e-003	8.220724e-002
3.350731613510754e-003	8.078054e-003	7.632621e-002
3.368170229582182e-003	7.384026e-003	6.938908e-002
3.385608845653610e-003	6.584375e-003	6.139583e-002
3.396072015296467e-003	6.069561e-003	5.624962e-002
3.406535184939323e-003	5.534560e-003	5.090151e-002
3.416998354582181e-003	4.979373e-003	4.535150e-002
3.427461524225037e-003	4.403999e-003	3.959959e-002
3.437924693867894e-003	3.808438e-003	3.364579e-002
3.448387863510751e-003	3.192691e-003	2.749009e-002
3.458851033153608e-003	2.556757e-003	2.113249e-002
3.464257004135751e-003	2.225775e-003	1.782421e-002
3.469662975117894e-003	1.893263e-003	1.450041e-002
3.475068946100036e-003	1.559224e-003	1.116107e-002
3.480474917082179e-003	1.223656e-003	7.806202e-003
3.485880888064322e-003	8.865593e-004	4.435802e-003
3.491286859046465e-003	5.479342e-004	1.049872e-003
3.496692830028608e-003	2.077807e-004	-2.351590e-003
3.504365821100036e-003	-2.770520e-004	-7.198880e-003
3.512038812171465e-003	-7.584675e-004	-1.201205e-002
3.519711803242893e-003	-1.236466e-003	-1.679110e-002
3.527384794314321e-003	-1.711047e-003	-2.153603e-002
3.535057785385749e-003	-2.182211e-003	-2.624685e-002
3.542730776457178e-003	-2.649958e-003	-3.092354e-002
3.550403767528606e-003	-3.114288e-003	-3.556611e-002
3.562959571100035e-003	-3.863860e-003	-4.306078e-002
3.575515374671463e-003	-4.578913e-003	-5.021043e-002
3.588071178242891e-003	-5.259446e-003	-5.701505e-002
3.600626981814320e-003	-5.905459e-003	-6.347465e-002
3.613182785385748e-003	-6.516953e-003	-6.958922e-002
3.625738588957176e-003	-7.093927e-003	-7.535877e-002
3.638294392528605e-003	-7.636381e-003	-8.078330e-002
3.652942830028604e-003	-8.197464e-003	-8.639436e-002
3.667591267528604e-003	-8.689155e-003	-9.131174e-002
3.682239705028604e-003	-9.107291e-003	-9.549379e-002
3.692005330028603e-003	-9.343409e-003	-9.785558e-002
3.701770955028603e-003	-9.544360e-003	-9.986581e-002
3.711536580028603e-003	-9.709390e-003	-1.015169e-001
3.721302205028603e-003	-9.837875e-003	-1.028026e-001
3.731067830028603e-003	-9.929333e-003	-1.037182e-001
3.740833455028602e-003	-9.983419e-003	-1.042602e-001
3.750599080028602e-003	-9.999929e-003	-1.044264e-001
3.760364705028602e-003	-9.978802e-003	-1.042164e-001
3.770130330028602e-003	-9.920117e-003	-1.036309e-001
3.779895955028602e-003	-9.824095e-003	-1.026721e-001
3.789661580028601e-003	-9.691098e-003	-1.013435e-001
3.799427205028601e-003	-9.521625e-003	-9.965032e-002
3.809192830028601e-003	-9.316315e-003	-9.759879e-002
3.818958455028601e-003	-9.075941e-003	-9.519667e-002
3.833606892528600e-003	-8.651647e-003	-9.095625e-002
3.848255330028600e-003	-8.154116e-003	-8.598351e-002
3.862903767528600e-003	-7.587559e-003	-8.032058e-002
3.877552205028599e-003	-6.956772e-003	-7.401538e-002
3.889410463957171e-003	-6.393920e-003	-6.838905e-002
3.901268722885742e-003	-5.804211e-003	-6.249411e-002
3.913126981814313e-003	-5.187644e-003	-5.633056e-002
3.924985240742884e-003	-4.544219e-003	-4.989840e-002
3.936843499671455e-003	-3.873938e-003	-4.319763e-002
3.948701758600026e-003	-3.176799e-003	-3.622825e-002
3.960560017528598e-003	-2.452802e-003	-2.899026e-002
3.966837919314312e-003	-2.067071e-003	-2.513395e-002
3.973115821100026e-003	-1.679638e-003	-2.126060e-002
3.979393722885740e-003	-1.290505e-003	-1.737021e-002
3.985671624671454e-003	-8.996702e-004	-1.346279e-002
3.991949526457169e-003	-5.071345e-004	-9.538327e-003
3.998227428242882e-003	-1.128976e-004	-5.596828e-003
4.004505330028597e-003	2.830404e-004	-1.638291e-003
4.015569740238252e-003	9.767159e-004	5.299285e-003
4.023068345148966e-003	1.446885e-003	9.999111e-003
4.030566950059680e-003	1.911306e-003	1.464172e-002
4.038065554970395e-003	2.369978e-003	1.922713e-002
4.045564159881108e-003	2.822902e-003	2.375532e-002
4.053062764791822e-003	3.270078e-003	2.822630e-002
4.060561369702537e-003	3.711506e-003	3.264007e-002
4.068059974613251e-003	4.147185e-003	3.699662e-002
4.081313322827536e-003	4.900831e-003	4.453221e-002
4.094566671041822e-003	5.609168e-003	5.161492e-002
4.107820019256107e-003	6.272196e-003	5.824474e-002
4.121073367470393e-003	6.889915e-003	6.442166e-002
4.134326715684678e-003	7.462326e-003	7.014571e-002
4.147580063898964e-003	7.989428e-003	7.541686e-002
4.160833412113249e-003	8.471222e-003	8.023512e-002
4.189432742470392e-003	9.286385e-003	8.838841e-002
4.218032072827533e-003	9.791376e-003	9.344061e-002
4.246631403184676e-003	9.986197e-003	9.539172e-002
4.275230733541818e-003	9.870847e-003	9.424175e-002
4.303830063898961e-003	9.445326e-003	8.999069e-002
4.332429394256102e-003	8.709634e-003	8.263854e-002
4.361028724613245e-003	7.663771e-003	7.218532e-002
4.372886983541816e-003	7.156101e-003	6.711080e-002
4.384745242470387e-003	6.616727e-003	6.171922e-002
4.396603501398959e-003	6.045647e-003	5.601056e-002
4.408461760327529e-003	5.442862e-003	4.998483e-002
4.420320019256100e-003	4.808371e-003	4.364203e-002
4.432178278184672e-003	4.142175e-003	3.698215e-002
4.444036537113243e-003	3.444274e-003	3.000521e-002
4.451375774104989e-003	3.004134e-003	2.560618e-002
4.458715011096735e-003	2.560421e-003	2.117102e-002
4.466054248088481e-003	2.113137e-003	1.669973e-002
4.473393485080228e-003	1.662282e-003	1.219230e-002
4.480732722071974e-003	1.207854e-003	7.648753e-003
4.488071959063720e-003	7.498544e-004	3.069071e-003
4.495411196055466e-003	2.882831e-004	-1.546742e-003
4.502386642484037e-003	-1.520414e-004	-5.949037e-003
4.509362088912608e-003	-5.899847e-004	-1.032756e-002
4.516337535341180e-003	-1.025547e-003	-1.468232e-002
4.523312981769750e-003	-1.458727e-003	-1.901330e-002
4.530288428198322e-003	-1.889527e-003	-2.332051e-002
4.537263874626893e-003	-2.317945e-003	-2.760396e-002
4.544239321055465e-003	-2.743982e-003	-3.186363e-002
4.556097579984036e-003	-3.461192e-003	-3.903465e-002
4.567955838912607e-003	-4.150103e-003	-4.592284e-002
4.579814097841179e-003	-4.810718e-003	-5.252821e-002
4.591672356769749e-003	-5.443034e-003	-5.885076e-002
4.603530615698320e-003	-6.047053e-003	-6.489049e-002
4.615388874626892e-003	-6.622774e-003	-7.064739e-002
4.627247133555463e-003	-7.170197e-003	-7.612146e-002
4.641895571055463e-003	-7.780503e-003	-8.222456e-002
4.656544008555462e-003	-8.324945e-003	-8.766926e-002
4.671192446055462e-003	-8.798915e-003	-9.240949e-002
4.680958071055462e-003	-9.073737e-003	-9.515820e-002
4.690723696055462e-003	-9.314408e-003	-9.756549e-002
4.700489321055461e-003	-9.520021e-003	-9.962231e-002
4.710254946055461e-003	-9.689803e-003	-1.013209e-001
4.720020571055461e-003	-9.823115e-003	-1.026549e-001
4.729786196055461e-003	-9.919454e-003	-1.036193e-001
4.739551821055460e-003	-9.978459e-003	-1.042104e-001
4.749317446055460e-003	-9.999908e-003	-1.044261e-001
4.759083071055460e-003	-9.983719e-003	-1.042654e-001
4.768848696055460e-003	-9.929954e-003	-1.037291e-001
4.778614321055460e-003	-9.838814e-003	-1.028191e-001
4.788379946055459e-003	-9.710643e-003	-1.015388e-001
4.798145571055459e-003	-9.545924e-003	-9.989312e-002
4.807911196055459e-003	-9.345276e-003	-9.788820e-002
4.817676821055459e-003	-9.109455e-003	-9.553161e-002
4.832325258555459e-003	-8.691750e-003	-9.135705e-002
4.846973696055458e-003	-8.200467e-003	-8.644680e-002
4.861622133555458e-003	-7.639766e-003	-8.084242e-002
4.876270571055458e-003	-7.014393e-003	-7.459135e-002
4.888128829984029e-003	-6.455611e-003	-6.900573e-002
4.899987088912600e-003	-5.869586e-003	-6.314763e-002
4.911845347841171e-003	-5.256315e-003	-5.701705e-002
4.923703606769742e-003	-4.615800e-003	-5.061399e-002
4.935561865698313e-003	-3.948041e-003	-4.393845e-002
4.947420124626884e-003	-3.253037e-003	-3.699042e-002
4.959278383555456e-003	-2.530789e-003	-2.976992e-002
4.964161196055456e-003	-2.232124e-003	-2.678406e-002
4.969044008555456e-003	-1.932069e-003	-2.378427e-002
4.973926821055455e-003	-1.630622e-003	-2.077055e-002
4.978809633555455e-003	-1.327784e-003	-1.774292e-002
4.983692446055455e-003	-1.023556e-003	-1.470135e-002
4.988575258555455e-003	-7.179362e-004	-1.164587e-002
4.993458071055455e-003	-4.109258e-004	-8.576456e-003
4.998340883555455e-003	-1.042435e-004	-5.510415e-003
5.000000000000000e-003	-1.224647e-017	-4.468094e-003
