Freq.	V(vout)
1.00000000000000e+000	1.00002054137461e+001,-1.95776598264520e-006
1.02329299228075e+000	1.00002054137365e+001,-2.00336821041729e-006
1.04712854805090e+000	1.00002054137429e+001,-2.05003265032952e-006
1.07151930523761e+000	1.00002054137470e+001,-2.09778404515952e-006
1.09647819614318e+000	1.00002054137420e+001,-2.14664771265974e-006
1.12201845430196e+000	1.00002054137365e+001,-2.19664956139943e-006
1.14815362149688e+000	1.00002054137365e+001,-2.24781610249890e-006
1.17489755493953e+000	1.00002054137452e+001,-2.30017446584652e-006
1.20226443461741e+000	1.00002054137488e+001,-2.35375241183022e-006
1.23026877081238e+000	1.00002054137406e+001,-2.40857834800375e-006
1.25892541179417e+000	1.00002054137483e+001,-2.46468134510758e-006
1.28824955169313e+000	1.00002054137433e+001,-2.52209114915936e-006
1.31825673855641e+000	1.00002054137488e+001,-2.58083819870271e-006
1.34896288259165e+000	1.00002054137456e+001,-2.64095364262021e-006
1.38038426460288e+000	1.00002054137456e+001,-2.70246935548386e-006
1.41253754462275e+000	1.00002054137460e+001,-2.76541795338690e-006
1.44543977074593e+000	1.00002054137347e+001,-2.82983281248919e-006
1.47910838816821e+000	1.00002054137406e+001,-2.89574808642961e-006
1.51356124843621e+000	1.00002054137497e+001,-2.96319872396723e-006
1.54881661891248e+000	1.00002054137474e+001,-3.03222048934657e-006
1.58489319246111e+000	1.00002054137492e+001,-3.10284997787690e-006
1.62181009735893e+000	1.00002054137379e+001,-3.17512463833871e-006
1.65958690743756e+000	1.00002054137438e+001,-3.24908279258185e-006
1.69824365246174e+000	1.00002054137474e+001,-3.32476365227459e-006
1.73780082874937e+000	1.00002054137528e+001,-3.40220734625894e-006
1.77827941003892e+000	1.00002054137401e+001,-3.48145493593026e-006
1.81970085860998e+000	1.00002054137460e+001,-3.56254843857318e-006
1.86208713666287e+000	1.00002054137474e+001,-3.64553085266107e-006
1.90546071796325e+000	1.00002054137492e+001,-3.73044617414362e-006
1.94984459975804e+000	1.00002054137419e+001,-3.81733942763413e-006
1.99526231496888e+000	1.00002054137437e+001,-3.90625668610164e-006
2.04173794466953e+000	1.00002054137492e+001,-3.99724509205511e-006
2.08929613085404e+000	1.00002054137469e+001,-4.09035289194517e-006
2.13796208950223e+000	1.00002054137510e+001,-4.18562945049244e-006
2.18776162394955e+000	1.00002054137478e+001,-4.28312528481386e-006
2.23872113856834e+000	1.00002054137455e+001,-4.38289208824850e-006
2.29086765276777e+000	1.00002054137491e+001,-4.48498276017958e-006
2.34422881531992e+000	1.00002054137546e+001,-4.58945142931707e-006
2.39883291901949e+000	1.00002054137586e+001,-4.69635348586749e-006
2.45470891568503e+000	1.00002054137468e+001,-4.80574561063855e-006
2.51188643150958e+000	1.00002054137486e+001,-4.91768580731348e-006
2.57039578276886e+000	1.00002054137523e+001,-5.03223342437070e-006
2.63026799189538e+000	1.00002054137504e+001,-5.14944919854895e-006
2.69153480392691e+000	1.00002054137482e+001,-5.26939527920927e-006
2.75422870333816e+000	1.00002054137531e+001,-5.39213526328006e-006
2.81838293126445e+000	1.00002054137640e+001,-5.51773422821056e-006
2.88403150312660e+000	1.00002054137581e+001,-5.64625876895434e-006
2.95120922666638e+000	1.00002054137477e+001,-5.77777703027580e-006
3.01995172040201e+000	1.00002054137617e+001,-5.91235874617010e-006
3.09029543251359e+000	1.00002054137608e+001,-6.05007527235161e-006
3.16227766016837e+000	1.00002054137599e+001,-6.19099963049271e-006
3.23593656929628e+000	1.00002054137707e+001,-6.33520653543706e-006
3.31131121482591e+000	1.00002054137603e+001,-6.48277245226832e-006
3.38844156139202e+000	1.00002054137798e+001,-6.63377562124448e-006
3.46736850452531e+000	1.00002054137634e+001,-6.78829610619973e-006
3.54813389233575e+000	1.00002054137557e+001,-6.94641583491173e-006
3.63078054770101e+000	1.00002054137639e+001,-7.10821864507937e-006
3.71535229097172e+000	1.00002054137634e+001,-7.27379032735040e-006
3.80189396320560e+000	1.00002054137693e+001,-7.44321866922533e-006
3.89045144994280e+000	1.00002054137647e+001,-7.61659350467903e-006
3.98107170553496e+000	1.00002054137633e+001,-7.79400675836823e-006
4.07380277804112e+000	1.00002054137660e+001,-7.97555249682185e-006
4.16869383470335e+000	1.00002054137696e+001,-8.16132698140925e-006
4.26579518801592e+000	1.00002054137773e+001,-8.35142870669534e-006
4.36515832240165e+000	1.00002054137791e+001,-8.54595847099689e-006
4.46683592150962e+000	1.00002054137809e+001,-8.74501941391730e-006
4.57088189614874e+000	1.00002054137691e+001,-8.94871708304776e-006
4.67735141287197e+000	1.00002054137849e+001,-9.15715948310981e-006
4.78630092322637e+000	1.00002054137890e+001,-9.37045712920355e-006
4.89778819368445e+000	1.00002054137844e+001,-9.58872311398440e-006
5.01187233627271e+000	1.00002054137848e+001,-9.81207316625932e-006
5.12861383991364e+000	1.00002054137943e+001,-1.00406257101993e-005
5.24807460249771e+000	1.00002054138029e+001,-1.02745019293957e-005
5.37031796370252e+000	1.00002054137933e+001,-1.05138258230754e-005
5.49540873857623e+000	1.00002054137965e+001,-1.07587242864955e-005
5.62341325190348e+000	1.00002054138087e+001,-1.10093271677461e-005
5.75439937337156e+000	1.00002054138082e+001,-1.12657673397516e-005
5.88843655355588e+000	1.00002054137968e+001,-1.15281807731635e-005
6.02559586074356e+000	1.00002054138027e+001,-1.17967065974557e-005
6.16595001861481e+000	1.00002054138058e+001,-1.20714871931818e-005
6.30957344480192e+000	1.00002054138116e+001,-1.23526682521225e-005
6.45654229034654e+000	1.00002054138202e+001,-1.26403988587061e-005
6.60693448007594e+000	1.00002054138170e+001,-1.29348315714533e-005
6.76082975391980e+000	1.00002054138205e+001,-1.32361225039037e-005
6.91830970918935e+000	1.00002054138273e+001,-1.35444314038215e-005
7.07945784384136e+000	1.00002054138331e+001,-1.38599217394284e-005
7.24435960074988e+000	1.00002054138335e+001,-1.41827607901570e-005
7.41310241300916e+000	1.00002054138348e+001,-1.45131197260736e-005
7.58577575029182e+000	1.00002054138524e+001,-1.48511737105031e-005
7.76247116628690e+000	1.00002054138469e+001,-1.51971019862175e-005
7.94328234724279e+000	1.00002054138559e+001,-1.55510879656138e-005
8.12830516164097e+000	1.00002054138585e+001,-1.59133193385232e-005
8.31763771102669e+000	1.00002054138657e+001,-1.62839881630217e-005
8.51138038202374e+000	1.00002054138737e+001,-1.66632909749068e-005
8.70963589956078e+000	1.00002054138832e+001,-1.70514288825351e-005
8.91250938133743e+000	1.00002054138844e+001,-1.74486076843097e-005
9.12010839355907e+000	1.00002054138884e+001,-1.78550379668864e-005
9.33254300796988e+000	1.00002054138987e+001,-1.82709352272826e-005
9.54992586021433e+000	1.00002054139063e+001,-1.86965199811997e-005
9.77237220955808e+000	1.00002054139162e+001,-1.91320178770451e-005
9.99999999999997e+000	1.00002054139260e+001,-1.95776598239323e-005
1.02329299228075e+001	1.00002054139336e+001,-2.00336821028743e-005
1.04712854805090e+001	1.00002054139480e+001,-2.05003265063137e-005
1.07151930523760e+001	1.00002054139523e+001,-2.09778404508667e-005
1.09647819614318e+001	1.00002054139540e+001,-2.14664771256298e-005
1.12201845430196e+001	1.00002054139811e+001,-2.19664956142561e-005
1.14815362149688e+001	1.00002054139845e+001,-2.24781610261443e-005
1.17489755493953e+001	1.00002054139871e+001,-2.30017446558687e-005
1.20226443461741e+001	1.00002054140059e+001,-2.35375241201363e-005
1.23026877081238e+001	1.00002054140175e+001,-2.40857834838674e-005
1.25892541179416e+001	1.00002054140327e+001,-2.46468134547879e-005
1.28824955169313e+001	1.00002054140457e+001,-2.52209114920083e-005
1.31825673855640e+001	1.00002054140595e+001,-2.58083819826390e-005
1.34896288259165e+001	1.00002054140756e+001,-2.64095364296690e-005
1.38038426460288e+001	1.00002054140908e+001,-2.70246935552710e-005
1.41253754462275e+001	1.00002054141100e+001,-2.76541795364476e-005
1.44543977074592e+001	1.00002054141206e+001,-2.82983281260885e-005
1.47910838816820e+001	1.00002054141476e+001,-2.89574808637812e-005
1.51356124843620e+001	1.00002054141622e+001,-2.96319872461780e-005
1.54881661891248e+001	1.00002054141851e+001,-3.03222048920336e-005
1.58489319246111e+001	1.00002054142006e+001,-3.10284997754056e-005
1.62181009735892e+001	1.00002054142293e+001,-3.17512463863809e-005
1.65958690743755e+001	1.00002054142426e+001,-3.24908279187952e-005
1.69824365246174e+001	1.00002054142812e+001,-3.32476365260239e-005
1.73780082874937e+001	1.00002054142976e+001,-3.40220734678288e-005
1.77827941003892e+001	1.00002054143312e+001,-3.48145493603972e-005
1.81970085860998e+001	1.00002054143480e+001,-3.56254843874367e-005
1.86208713666286e+001	1.00002054143784e+001,-3.64553085225506e-005
1.90546071796324e+001	1.00002054144164e+001,-3.73044617381091e-005
1.94984459975804e+001	1.00002054144400e+001,-3.81733942918333e-005
1.99526231496887e+001	1.00002054144758e+001,-3.90625668625682e-005
2.04173794466952e+001	1.00002054145065e+001,-3.99724509196493e-005
2.08929613085403e+001	1.00002054145563e+001,-4.09035289208130e-005
2.13796208950222e+001	1.00002054145875e+001,-4.18562945094250e-005
2.18776162394954e+001	1.00002054146263e+001,-4.28312528484207e-005
2.23872113856833e+001	1.00002054146687e+001,-4.38289208849883e-005
2.29086765276776e+001	1.00002054147093e+001,-4.48498276091842e-005
2.34422881531991e+001	1.00002054147603e+001,-4.58945142899891e-005
2.39883291901948e+001	1.00002054148027e+001,-4.69635348660637e-005
2.45470891568502e+001	1.00002054148550e+001,-4.80574561247535e-005
2.51188643150957e+001	1.00002054149049e+001,-4.91768580724897e-005
2.57039578276885e+001	1.00002054149563e+001,-5.03223342477428e-005
2.63026799189537e+001	1.00002054150193e+001,-5.14944919946392e-005
2.69153480392690e+001	1.00002054150805e+001,-5.26939527992046e-005
2.75422870333815e+001	1.00002054151394e+001,-5.39213526382467e-005
2.81838293126444e+001	1.00002054152082e+001,-5.51773422852385e-005
2.88403150312659e+001	1.00002054152747e+001,-5.64625876981732e-005
2.95120922666637e+001	1.00002054153493e+001,-5.77777703152407e-005
3.01995172040200e+001	1.00002054154230e+001,-5.91235874624655e-005
3.09029543251358e+001	1.00002054155089e+001,-6.05007527427108e-005
3.16227766016837e+001	1.00002054155910e+001,-6.19099963080045e-005
3.23593656929627e+001	1.00002054156781e+001,-6.33520653664917e-005
3.31131121482590e+001	1.00002054157697e+001,-6.48277245313083e-005
3.38844156139201e+001	1.00002054158602e+001,-6.63377562369925e-005
3.46736850452530e+001	1.00002054159548e+001,-6.78829610698565e-005
3.54813389233574e+001	1.00002054160675e+001,-6.94641583631303e-005
3.63078054770100e+001	1.00002054161765e+001,-7.10821864712797e-005
3.71535229097171e+001	1.00002054162913e+001,-7.27379033018929e-005
3.80189396320559e+001	1.00002054164078e+001,-7.44321866986398e-005
3.89045144994279e+001	1.00002054165392e+001,-7.61659350475636e-005
3.98107170553495e+001	1.00002054166682e+001,-7.79400676057978e-005
4.07380277804111e+001	1.00002054168053e+001,-7.97555249850646e-005
4.16869383470333e+001	1.00002054169536e+001,-8.16132698222536e-005
4.26579518801591e+001	1.00002054171027e+001,-8.35142870916155e-005
4.36515832240164e+001	1.00002054172645e+001,-8.54595847180792e-005
4.46683592150961e+001	1.00002054174233e+001,-8.74501941876183e-005
4.57088189614873e+001	1.00002054176057e+001,-8.94871708875250e-005
4.67735141287196e+001	1.00002054177739e+001,-9.15715948635979e-005
4.78630092322636e+001	1.00002054179718e+001,-9.37045713383578e-005
4.89778819368444e+001	1.00002054181742e+001,-9.58872311745677e-005
5.01187233627270e+001	1.00002054183755e+001,-9.81207317240421e-005
5.12861383991362e+001	1.00002054185971e+001,-1.00406257164887e-004
5.24807460249770e+001	1.00002054188330e+001,-1.02745019344292e-004
5.37031796370250e+001	1.00002054190723e+001,-1.05138258290792e-004
5.49540873857622e+001	1.00002054193202e+001,-1.07587242932622e-004
5.62341325190346e+001	1.00002054195878e+001,-1.10093271760249e-004
5.75439937337154e+001	1.00002054198642e+001,-1.12657673480680e-004
5.88843655355586e+001	1.00002054201487e+001,-1.15281807818183e-004
6.02559586074355e+001	1.00002054204429e+001,-1.17967066073540e-004
6.16595001861479e+001	1.00002054207645e+001,-1.20714872035438e-004
6.30957344480190e+001	1.00002054210918e+001,-1.23526682621707e-004
6.45654229034652e+001	1.00002054214429e+001,-1.26403988687416e-004
6.60693448007593e+001	1.00002054218101e+001,-1.29348315819612e-004
6.76082975391978e+001	1.00002054221806e+001,-1.32361225164621e-004
6.91830970918933e+001	1.00002054225867e+001,-1.35444314158814e-004
7.07945784384134e+001	1.00002054229957e+001,-1.38599217517416e-004
7.24435960074986e+001	1.00002054234434e+001,-1.41827608015969e-004
7.41310241300914e+001	1.00002054238962e+001,-1.45131197411890e-004
7.58577575029180e+001	1.00002054243763e+001,-1.48511737299551e-004
7.76247116628688e+001	1.00002054248738e+001,-1.51971020045737e-004
7.94328234724277e+001	1.00002054253913e+001,-1.55510879878748e-004
8.12830516164095e+001	1.00002054259447e+001,-1.59133193593931e-004
8.31763771102667e+001	1.00002054265254e+001,-1.62839881845285e-004
8.51138038202372e+001	1.00002054271242e+001,-1.66632909974195e-004
8.70963589956076e+001	1.00002054277585e+001,-1.70514289068434e-004
8.91250938133741e+001	1.00002054284158e+001,-1.74486077093762e-004
9.12010839355905e+001	1.00002054291090e+001,-1.78550379940298e-004
9.33254300796986e+001	1.00002054298289e+001,-1.82709352590188e-004
9.54992586021431e+001	1.00002054305895e+001,-1.86965200151122e-004
9.77237220955805e+001	1.00002054313808e+001,-1.91320179137219e-004
9.99999999999995e+001	1.00002054322206e+001,-1.95776598595204e-004
1.02329299228075e+002	1.00002054330851e+001,-2.00336821404843e-004
1.04712854805089e+002	1.00002054339944e+001,-2.05003265457172e-004
1.07151930523760e+002	1.00002054349524e+001,-2.09778404943727e-004
1.09647819614318e+002	1.00002054359551e+001,-2.14664771764164e-004
1.12201845430196e+002	1.00002054370015e+001,-2.19664956644649e-004
1.14815362149688e+002	1.00002054380988e+001,-2.24781610866774e-004
1.17489755493952e+002	1.00002054392398e+001,-2.30017447175788e-004
1.20226443461741e+002	1.00002054404389e+001,-2.35375241811144e-004
1.23026877081237e+002	1.00002054417106e+001,-2.40857835529730e-004
1.25892541179416e+002	1.00002054430254e+001,-2.46468135266535e-004
1.28824955169313e+002	1.00002054444081e+001,-2.52209115688972e-004
1.31825673855640e+002	1.00002054458516e+001,-2.58083820730166e-004
1.34896288259165e+002	1.00002054473633e+001,-2.64095365206286e-004
1.38038426460288e+002	1.00002054489434e+001,-2.70246936512768e-004
1.41253754462275e+002	1.00002054506016e+001,-2.76541796389512e-004
1.44543977074592e+002	1.00002054523394e+001,-2.82983282334099e-004
1.47910838816820e+002	1.00002054541625e+001,-2.89574809851063e-004
1.51356124843620e+002	1.00002054560664e+001,-2.96319873736898e-004
1.54881661891247e+002	1.00002054580637e+001,-3.03222050310127e-004
1.58489319246110e+002	1.00002054601488e+001,-3.10284999265847e-004
1.62181009735892e+002	1.00002054623459e+001,-3.17512465424684e-004
1.65958690743755e+002	1.00002054646288e+001,-3.24908280863415e-004
1.69824365246173e+002	1.00002054670276e+001,-3.32476367107732e-004
1.73780082874936e+002	1.00002054695466e+001,-3.40220736612960e-004
1.77827941003891e+002	1.00002054721676e+001,-3.48145495660896e-004
1.81970085860997e+002	1.00002054749223e+001,-3.56254846131579e-004
1.86208713666286e+002	1.00002054777970e+001,-3.64553087650443e-004
1.90546071796323e+002	1.00002054808229e+001,-3.73044620064132e-004
1.94984459975803e+002	1.00002054839813e+001,-3.81733945603475e-004
1.99526231496887e+002	1.00002054872911e+001,-3.90625671539855e-004
2.04173794466952e+002	1.00002054907573e+001,-3.99724512437952e-004
2.08929613085403e+002	1.00002054943946e+001,-4.09035292581590e-004
2.13796208950222e+002	1.00002054981980e+001,-4.18562948693752e-004
2.18776162394954e+002	1.00002055021655e+001,-4.28312532409637e-004
2.23872113856832e+002	1.00002055063319e+001,-4.38289213066471e-004
2.29086765276776e+002	1.00002055106993e+001,-4.48498280567982e-004
2.34422881531991e+002	1.00002055152650e+001,-4.58945147718384e-004
2.39883291901947e+002	1.00002055200567e+001,-4.69635353739806e-004
2.45470891568501e+002	1.00002055250564e+001,-4.80574566653162e-004
2.51188643150956e+002	1.00002055303091e+001,-4.91768586654753e-004
2.57039578276885e+002	1.00002055357987e+001,-5.03223348812642e-004
2.63026799189536e+002	1.00002055415606e+001,-5.14944926793517e-004
2.69153480392690e+002	1.00002055475750e+001,-5.26939535244928e-004
2.75422870333815e+002	1.00002055538833e+001,-5.39213534158513e-004
2.81838293126443e+002	1.00002055604887e+001,-5.51773431193544e-004
2.88403150312659e+002	1.00002055674113e+001,-5.64625885905508e-004
2.95120922666637e+002	1.00002055746558e+001,-5.77777712508444e-004
3.01995172040200e+002	1.00002055822374e+001,-5.91235884899671e-004
3.09029543251357e+002	1.00002055901799e+001,-6.05007538291268e-004
3.16227766016836e+002	1.00002055984986e+001,-6.19099974742103e-004
3.23593656929626e+002	1.00002056071980e+001,-6.33520666267735e-004
3.31131121482589e+002	1.00002056163155e+001,-6.48277259042237e-004
3.38844156139200e+002	1.00002056258636e+001,-6.63377576740988e-004
3.46736850452529e+002	1.00002056358596e+001,-6.78829626219101e-004
3.54813389233573e+002	1.00002056463318e+001,-6.94641600219211e-004
3.63078054770099e+002	1.00002056572939e+001,-7.10821882561388e-004
3.71535229097170e+002	1.00002056687695e+001,-7.27379051853255e-004
3.80189396320558e+002	1.00002056807959e+001,-7.44321887653482e-004
3.89045144994278e+002	1.00002056933760e+001,-7.61659372590601e-004
3.98107170553494e+002	1.00002057065591e+001,-7.79400699537536e-004
4.07380277804110e+002	1.00002057203566e+001,-7.97555275217709e-004
4.16869383470332e+002	1.00002057348062e+001,-8.16132725137517e-004
4.26579518801589e+002	1.00002057499415e+001,-8.35142899881760e-004
4.36515832240163e+002	1.00002057657823e+001,-8.54595878352065e-004
4.46683592150960e+002	1.00002057823707e+001,-8.74501975028757e-004
4.57088189614872e+002	1.00002057997420e+001,-8.94871744518728e-004
4.67735141287195e+002	1.00002058179356e+001,-9.15715986720684e-004
4.78630092322635e+002	1.00002058369899e+001,-9.37045753983266e-004
4.89778819368443e+002	1.00002058569336e+001,-9.58872355425999e-004
5.01187233627268e+002	1.00002058778284e+001,-9.81207363874985e-004
5.12861383991361e+002	1.00002058996926e+001,-1.00406262172701e-003
5.24807460249769e+002	1.00002059225939e+001,-1.02745024715479e-003
5.37031796370249e+002	1.00002059465769e+001,-1.05138264046033e-003
5.49540873857620e+002	1.00002059716766e+001,-1.07587249097168e-003
5.62341325190345e+002	1.00002059979871e+001,-1.10093278389406e-003
5.75439937337152e+002	1.00002060255216e+001,-1.12657680572572e-003
5.88843655355584e+002	1.00002060543461e+001,-1.15281815393081e-003
6.02559586074353e+002	1.00002060845370e+001,-1.17967074226131e-003
6.16595001861477e+002	1.00002061161562e+001,-1.20714880755466e-003
6.30957344480188e+002	1.00002061492653e+001,-1.23526691976552e-003
6.45654229034650e+002	1.00002061839154e+001,-1.26403998707825e-003
6.60693448007591e+002	1.00002062202222e+001,-1.29348326562705e-003
6.76082975391976e+002	1.00002062582274e+001,-1.32361236637431e-003
6.91830970918931e+002	1.00002062980294e+001,-1.35444326511129e-003
7.07945784384132e+002	1.00002063397035e+001,-1.38599230748978e-003
7.24435960074984e+002	1.00002063833350e+001,-1.41827622195146e-003
7.41310241300911e+002	1.00002064290326e+001,-1.45131212593890e-003
7.58577575029177e+002	1.00002064768807e+001,-1.48511753537884e-003
7.76247116628685e+002	1.00002065269836e+001,-1.51971037436795e-003
7.94328234724275e+002	1.00002065794601e+001,-1.55510898498187e-003
8.12830516164092e+002	1.00002066343844e+001,-1.59133213559168e-003
8.31763771102664e+002	1.00002066919273e+001,-1.62839903237143e-003
8.51138038202369e+002	1.00002067521648e+001,-1.66632932900203e-003
8.70963589956073e+002	1.00002068152404e+001,-1.70514313634753e-003
8.91250938133738e+002	1.00002068812901e+001,-1.74486103441205e-003
9.12010839355902e+002	1.00002069504544e+001,-1.78550408197582e-003
9.33254300796983e+002	1.00002070228754e+001,-1.82709382838262e-003
9.54992586021428e+002	1.00002070987107e+001,-1.86965232557279e-003
9.77237220955802e+002	1.00002071781189e+001,-1.91320213874605e-003
9.99999999999991e+002	1.00002072612743e+001,-1.95776635818584e-003
1.02329299228075e+003	1.00002073483522e+001,-2.00336861295077e-003
1.04712854805089e+003	1.00002074395291e+001,-2.05003308207405e-003
1.07151930523760e+003	1.00002075349965e+001,-2.09778450752440e-003
1.09647819614318e+003	1.00002076349598e+001,-2.14664820815003e-003
1.12201845430195e+003	1.00002077396481e+001,-2.19665009211371e-003
1.14815362149687e+003	1.00002078492637e+001,-2.24781667149037e-003
1.17489755493952e+003	1.00002079640470e+001,-2.30017507585190e-003
1.20226443461740e+003	1.00002080842474e+001,-2.35375306521164e-003
1.23026877081237e+003	1.00002082100950e+001,-2.40857904838939e-003
1.25892541179416e+003	1.00002083418894e+001,-2.46468209537270e-003
1.28824955169312e+003	1.00002084798821e+001,-2.52209195295399e-003
1.31825673855640e+003	1.00002086243874e+001,-2.58083905990024e-003
1.34896288259164e+003	1.00002087757008e+001,-2.64095456581386e-003
1.38038426460287e+003	1.00002089341384e+001,-2.70247034425058e-003
1.41253754462274e+003	1.00002091000592e+001,-2.76541901287064e-003
1.44543977074591e+003	1.00002092737717e+001,-2.82983394761506e-003
1.47910838816819e+003	1.00002094557054e+001,-2.89574930330785e-003
1.51356124843619e+003	1.00002096461890e+001,-2.96320002773297e-003
1.54881661891247e+003	1.00002098456686e+001,-3.03222188599315e-003
1.58489319246110e+003	1.00002100545308e+001,-3.10285147418993e-003
1.62181009735891e+003	1.00002102732512e+001,-3.17512624221700e-003
1.65958690743754e+003	1.00002105022694e+001,-3.24908451046755e-003
1.69824365246173e+003	1.00002107420827e+001,-3.32476549397650e-003
1.73780082874936e+003	1.00002109931992e+001,-3.40220931935299e-003
1.77827941003891e+003	1.00002112561568e+001,-3.48145705008201e-003
1.81970085860997e+003	1.00002115314997e+001,-3.56255070407285e-003
1.86208713666285e+003	1.00002118198293e+001,-3.64553327931159e-003
1.90546071796323e+003	1.00002121217325e+001,-3.73044877468484e-003
1.94984459975803e+003	1.00002124378638e+001,-3.81734221457643e-003
1.99526231496886e+003	1.00002127688986e+001,-3.90625967210882e-003
2.04173794466951e+003	1.00002131155470e+001,-3.99724829180092e-003
2.08929613085402e+003	1.00002134785089e+001,-4.09035632018816e-003
2.13796208950221e+003	1.00002138586013e+001,-4.18563312328438e-003
2.18776162394953e+003	1.00002142565951e+001,-4.28312922097053e-003
2.23872113856832e+003	1.00002146733469e+001,-4.38289630740356e-003
2.29086765276775e+003	1.00002151097339e+001,-4.48498728022749e-003
2.34422881531990e+003	1.00002155667009e+001,-4.58945627195574e-003
2.39883291901947e+003	1.00002160451876e+001,-4.69635867479996e-003
2.45470891568501e+003	1.00002165462377e+001,-4.80575117148472e-003
2.51188643150955e+003	1.00002170708978e+001,-4.91769176393735e-003
2.57039578276884e+003	1.00002176202781e+001,-5.03223980859224e-003
2.63026799189535e+003	1.00002181955525e+001,-5.14945603959815e-003
2.69153480392689e+003	1.00002187979438e+001,-5.26940260947220e-003
2.75422870333814e+003	1.00002194287235e+001,-5.39214311742714e-003
2.81838293126442e+003	1.00002200892294e+001,-5.51774264380050e-003
2.88403150312658e+003	1.00002207808705e+001,-5.64626778643820e-003
2.95120922666635e+003	1.00002215050953e+001,-5.77778669399975e-003
3.01995172040198e+003	1.00002222634658e+001,-5.91236910038114e-003
3.09029543251356e+003	1.00002230575658e+001,-6.05008636642056e-003
3.16227766016835e+003	1.00002238890969e+001,-6.19101151785009e-003
3.23593656929625e+003	1.00002247598207e+001,-6.33521927448179e-003
3.31131121482588e+003	1.00002256715700e+001,-6.48278610168058e-003
3.38844156139199e+003	1.00002266262914e+001,-6.63379024562476e-003
3.46736850452528e+003	1.00002276260100e+001,-6.78831177667060e-003
3.54813389233572e+003	1.00002286728471e+001,-6.94643262771763e-003
3.63078054770097e+003	1.00002297690216e+001,-7.10823663863156e-003
3.71535229097168e+003	1.00002309168419e+001,-7.27380960741946e-003
3.80189396320557e+003	1.00002321187802e+001,-7.44323932855114e-003
3.89045144994276e+003	1.00002333773538e+001,-7.61661564025640e-003
3.98107170553493e+003	1.00002346952450e+001,-7.79403047728176e-003
4.07380277804108e+003	1.00002360752436e+001,-7.97557791301744e-003
4.16869383470331e+003	1.00002375202811e+001,-8.16135421480001e-003
4.26579518801588e+003	1.00002390334214e+001,-8.35145788738728e-003
4.36515832240161e+003	1.00002406178742e+001,-8.54598973853446e-003
4.46683592150958e+003	1.00002422769943e+001,-8.74505292072189e-003
4.57088189614870e+003	1.00002440143238e+001,-8.94875298771746e-003
4.67735141287193e+003	1.00002458335127e+001,-9.15719795223342e-003
4.78630092322633e+003	1.00002477384541e+001,-9.37049834896861e-003
4.89778819368441e+003	1.00002497331619e+001,-9.58876728263106e-003
5.01187233627267e+003	1.00002518218834e+001,-9.81212049466218e-003
5.12861383991359e+003	1.00002540090412e+001,-1.00406764224802e-002
5.24807460249767e+003	1.00002562992896e+001,-1.02745562684766e-002
5.37031796370247e+003	1.00002586974589e+001,-1.05138840488463e-002
5.49540873857618e+003	1.00002612086589e+001,-1.07587866765128e-002
5.62341325190343e+003	1.00002638382144e+001,-1.10093940194003e-002
5.75439937337150e+003	1.00002665916953e+001,-1.12658389753961e-002
5.88843655355582e+003	1.00002694749419e+001,-1.15282575288631e-002
6.02559586074351e+003	1.00002724940803e+001,-1.17967888432827e-002
6.16595001861475e+003	1.00002756555021e+001,-1.20715753224170e-002
6.30957344480186e+003	1.00002789659289e+001,-1.23527626833569e-002
6.45654229034648e+003	1.00002824323608e+001,-1.26405000453971e-002
6.60693448007588e+003	1.00002860621716e+001,-1.29349399938237e-002
6.76082975391974e+003	1.00002898630593e+001,-1.32362386810433e-002
6.91830970918928e+003	1.00002938430792e+001,-1.35445558884358e-002
7.07945784384129e+003	1.00002980106575e+001,-1.38600551247697e-002
7.24435960074981e+003	1.00003023746670e+001,-1.41829037159337e-002
7.41310241300908e+003	1.00003069443479e+001,-1.45132728768962e-002
7.58577575029174e+003	1.00003117293924e+001,-1.48513378155738e-002
7.76247116628682e+003	1.00003167399738e+001,-1.51972778287981e-002
7.94328234724272e+003	1.00003219866716e+001,-1.55512763804741e-002
8.12830516164089e+003	1.00003274806582e+001,-1.59135212289230e-002
8.31763771102661e+003	1.00003332335906e+001,-1.62842044942151e-002
8.51138038202366e+003	1.00003392576413e+001,-1.66635227755084e-002
8.70963589956070e+003	1.00003455656214e+001,-1.70516772620240e-002
8.91250938133734e+003	1.00003521708896e+001,-1.74488738253763e-002
9.12010839355898e+003	1.00003590874625e+001,-1.78553231480191e-002
9.33254300796979e+003	1.00003663300159e+001,-1.82712408053762e-002
9.54992586021424e+003	1.00003739139126e+001,-1.86968474131723e-002
9.77237220955798e+003	1.00003818552443e+001,-1.91323687284426e-002
9.99999999999987e+003	1.00003901708578e+001,-1.95780357661392e-002
1.02329299228074e+004	1.00003988783925e+001,-2.00340849338604e-002
1.04712854805089e+004	1.00004079963037e+001,-2.05007581454141e-002
1.07151930523759e+004	1.00004175439653e+001,-2.09783029653260e-002
1.09647819614317e+004	1.00004275416142e+001,-2.14669727176696e-002
1.12201845430195e+004	1.00004380104702e+001,-2.19670266520190e-002
1.14815362149687e+004	1.00004489727152e+001,-2.24787300400403e-002
1.17489755493951e+004	1.00004604516443e+001,-2.30023543683211e-002
1.20226443461740e+004	1.00004724715786e+001,-2.35381774358099e-002
1.23026877081237e+004	1.00004850580364e+001,-2.40864835276223e-002
1.25892541179415e+004	1.00004982377253e+001,-2.46475635671993e-002
1.28824955169312e+004	1.00005120385789e+001,-2.52217152503077e-002
1.31825673855639e+004	1.00005264898960e+001,-2.58092432343473e-002
1.34896288259164e+004	1.00005416223459e+001,-2.64104592737495e-002
1.38038426460287e+004	1.00005574680222e+001,-2.70256824023922e-002
1.41253754462274e+004	1.00005740605270e+001,-2.76552391025591e-002
1.44543977074591e+004	1.00005914351032e+001,-2.82994634784525e-002
1.47910838816819e+004	1.00006096285899e+001,-2.89586974214642e-002
1.51356124843619e+004	1.00006286795757e+001,-2.96332908103849e-002
1.54881661891246e+004	1.00006486285102e+001,-3.03236016919061e-002
1.58489319246109e+004	1.00006695177081e+001,-3.10299964752130e-002
1.62181009735891e+004	1.00006913914839e+001,-3.17528501327290e-002
1.65958690743754e+004	1.00007142962688e+001,-3.24925463713522e-002
1.69824365246172e+004	1.00007382806510e+001,-3.32494778818272e-002
1.73780082874935e+004	1.00007633955199e+001,-3.40240465209044e-002
1.77827941003890e+004	1.00007896941834e+001,-3.48166635352507e-002
1.81970085860996e+004	1.00008172324306e+001,-3.56277497736188e-002
1.86208713666284e+004	1.00008460686986e+001,-3.64577359364168e-002
1.90546071796322e+004	1.00008762641937e+001,-3.73070627700385e-002
1.94984459975802e+004	1.00009078829795e+001,-3.81761813436404e-002
1.99526231496885e+004	1.00009409921694e+001,-3.90655532620482e-002
2.04173794466950e+004	1.00009756620156e+001,-3.99756509277640e-002
2.08929613085401e+004	1.00010119660991e+001,-4.09069577939534e-002
2.13796208950220e+004	1.00010499814746e+001,-4.18599686267795e-002
2.18776162394952e+004	1.00010897888198e+001,-4.28351897585851e-002
2.23872113856831e+004	1.00011314726156e+001,-4.38331393902061e-002
2.29086765276774e+004	1.00011751213513e+001,-4.48543478265160e-002
2.34422881531989e+004	1.00012208276571e+001,-4.58993578264310e-002
2.39883291901946e+004	1.00012686885556e+001,-4.69687248300372e-002
2.45470891568500e+004	1.00013188056383e+001,-4.80630172931941e-002
2.51188643150954e+004	1.00013712852976e+001,-4.91828170193849e-002
2.57039578276883e+004	1.00014262389266e+001,-5.03287194118069e-002
2.63026799189534e+004	1.00014837831985e+001,-5.15013338645807e-002
2.69153480392688e+004	1.00015440402661e+001,-5.27012840481835e-002
2.75422870333813e+004	1.00016071380780e+001,-5.39292082636574e-002
2.81838293126441e+004	1.00016732105783e+001,-5.51857598059122e-002
2.88403150312656e+004	1.00017423980710e+001,-5.64716072979017e-002
2.95120922666634e+004	1.00018148474629e+001,-5.77874350777908e-002
3.01995172040197e+004	1.00018907126051e+001,-5.91339435417892e-002
3.09029543251354e+004	1.00019701545855e+001,-6.05118495713295e-002
3.16227766016833e+004	1.00020533421266e+001,-6.19218868907554e-002
3.23593656929623e+004	1.00021404518966e+001,-6.33648064874387e-002
3.31131121482586e+004	1.00022316689187e+001,-6.48413770318647e-002
3.38844156139197e+004	1.00023271869397e+001,-6.63523852982379e-002
3.46736850452526e+004	1.00024272088596e+001,-6.78986365780832e-002
3.54813389233570e+004	1.00025319471550e+001,-6.94809551717862e-002
3.63078054770096e+004	1.00026416243514e+001,-7.11001848002947e-002
3.71535229097167e+004	1.00027564734740e+001,-7.27571891015257e-002
3.80189396320555e+004	1.00028767385488e+001,-7.44528521106231e-002
3.89045144994275e+004	1.00030026751493e+001,-7.61880787568784e-002
3.98107170553491e+004	1.00031345509091e+001,-7.79637953536586e-002
4.07380277804107e+004	1.00032726461162e+001,-7.97809501483068e-002
4.16869383470329e+004	1.00034172543002e+001,-8.16405138127597e-002
4.26579518801586e+004	1.00035686828672e+001,-8.35434800541439e-002
4.36515832240159e+004	1.00037272537523e+001,-8.54908661187814e-002
4.46683592150956e+004	1.00038933041205e+001,-8.74837134253167e-002
4.57088189614868e+004	1.00040671870680e+001,-8.95230881113368e-002
4.67735141287191e+004	1.00042492723961e+001,-9.16100816702450e-002
4.78630092322631e+004	1.00044399474015e+001,-9.37458115682502e-002
4.89778819368439e+004	1.00046396177002e+001,-9.59314219039046e-002
5.01187233627264e+004	1.00048487081047e+001,-9.81680840669844e-002
5.12861383991357e+004	1.00050676635179e+001,-1.00456997380821e-001
5.24807460249764e+004	1.00052969499263e+001,-1.02799389885482e-001
5.37031796370244e+004	1.00055370553651e+001,-1.05196518966373e-001
5.49540873857616e+004	1.00057884909802e+001,-1.07649672162271e-001
5.62341325190340e+004	1.00060517921372e+001,-1.10160167884118e-001
5.75439937337148e+004	1.00063275195624e+001,-1.12729356235967e-001
5.88843655355580e+004	1.00066162605522e+001,-1.15358619786684e-001
6.02559586074348e+004	1.00069186302482e+001,-1.18049374425700e-001
6.16595001861472e+004	1.00072352729559e+001,-1.20803070206603e-001
6.30957344480183e+004	1.00075668635419e+001,-1.23621192236813e-001
6.45654229034645e+004	1.00079141088905e+001,-1.26505261573139e-001
6.60693448007586e+004	1.00082777494301e+001,-1.29456836173239e-001
6.76082975391971e+004	1.00086585607452e+001,-1.32477511847045e-001
6.91830970918925e+004	1.00090573552505e+001,-1.35568923251867e-001
7.07945784384127e+004	1.00094749839558e+001,-1.38732744930564e-001
7.24435960074979e+004	1.00099123383129e+001,-1.41970692356311e-001
7.41310241300906e+004	1.00103703521674e+001,-1.45284523032539e-001
7.58577575029172e+004	1.00108500037668e+001,-1.48676037618038e-001
7.76247116628679e+004	1.00113523179181e+001,-1.52147081095400e-001
7.94328234724269e+004	1.00118783682074e+001,-1.55699543969597e-001
8.12830516164086e+004	1.00124292793562e+001,-1.59335363510058e-001
8.31763771102658e+004	1.00130062296798e+001,-1.63056525053625e-001
8.51138038202363e+004	1.00136104536736e+001,-1.66865063319431e-001
8.70963589956067e+004	1.00142432447138e+001,-1.70763063786716e-001
8.91250938133731e+004	1.00149059579116e+001,-1.74752664125124e-001
9.12010839355895e+004	1.00156000130914e+001,-1.78836055672624e-001
9.33254300796976e+004	1.00163268979278e+001,-1.83015484966627e-001
9.54992586021420e+004	1.00170881712278e+001,-1.87293255319515e-001
9.77237220955795e+004	1.00178854663900e+001,-1.91671728474664e-001
9.99999999999984e+004	1.00187204950235e+001,-1.96153326308725e-001
1.02329299228074e+005	1.00195950507560e+001,-2.00740532599878e-001
1.04712854805088e+005	1.00205110132291e+001,-2.05435894881850e-001
1.07151930523759e+005	1.00214703523007e+001,-2.10242026332600e-001
1.09647819614317e+005	1.00224751324441e+001,-2.15161607779524e-001
1.12201845430195e+005	1.00235275174003e+001,-2.20197389765224e-001
1.14815362149686e+005	1.00246297750241e+001,-2.25352194695544e-001
1.17489755493951e+005	1.00257842824178e+001,-2.30628919073237e-001
1.20226443461739e+005	1.00269935313012e+001,-2.36030535849057e-001
1.23026877081236e+005	1.00282601336713e+001,-2.41560096844160e-001
1.25892541179415e+005	1.00295868277402e+001,-2.47220735291806e-001
1.28824955169311e+005	1.00309764841963e+001,-2.53015668485470e-001
1.31825673855639e+005	1.00324321127763e+001,-2.58948200542480e-001
1.34896288259163e+005	1.00339568691882e+001,-2.65021725308903e-001
1.38038426460286e+005	1.00355540623937e+001,-2.71239729359205e-001
1.41253754462273e+005	1.00372271622707e+001,-2.77605795184693e-001
1.44543977074590e+005	1.00389798076871e+001,-2.84123604488443e-001
1.47910838816818e+005	1.00408158149965e+001,-2.90796941655647e-001
1.51356124843618e+005	1.00427391869952e+001,-2.97629697390063e-001
1.54881661891246e+005	1.00447541223447e+001,-3.04625872532804e-001
1.58489319246109e+005	1.00468650255209e+001,-3.11789582057240e-001
1.62181009735890e+005	1.00490765172869e+001,-3.19125059272615e-001
1.65958690743753e+005	1.00513934457441e+001,-3.26636660250312e-001
1.69824365246172e+005	1.00538208979869e+001,-3.34328868459505e-001
1.73780082874935e+005	1.00563642124011e+001,-3.42206299664407e-001
1.77827941003889e+005	1.00590289916454e+001,-3.50273707071087e-001
1.81970085860995e+005	1.00618211163548e+001,-3.58535986752418e-001
1.86208713666284e+005	1.00647467596174e+001,-3.66998183366942e-001
1.90546071796322e+005	1.00678124022690e+001,-3.75665496212386e-001
1.94984459975801e+005	1.00710248490659e+001,-3.84543285584687e-001
1.99526231496885e+005	1.00743912457735e+001,-3.93637079530031e-001
2.04173794466949e+005	1.00779190972631e+001,-4.02952580967063e-001
2.08929613085400e+005	1.00816162866426e+001,-4.12495675230490e-001
2.13796208950220e+005	1.00854910955318e+001,-4.22272438062982e-001
2.18776162394952e+005	1.00895522255273e+001,-4.32289144071915e-001
2.23872113856830e+005	1.00938088209571e+001,-4.42552275716610e-001
2.29086765276773e+005	1.00982704930040e+001,-4.53068532839805e-001
2.34422881531988e+005	1.01029473453021e+001,-4.63844842779357e-001
2.39883291901945e+005	1.01078500010990e+001,-4.74888371133143e-001
2.45470891568499e+005	1.01129896321098e+001,-4.86206533208378e-001
2.51188643150954e+005	1.01183779891709e+001,-4.97807006194470e-001
2.57039578276882e+005	1.01240274348384e+001,-5.09697742144402e-001
2.63026799189534e+005	1.01299509780642e+001,-5.21886981815680e-001
2.69153480392687e+005	1.01361623111132e+001,-5.34383269427322e-001
2.75422870333812e+005	1.01426758488889e+001,-5.47195468418282e-001
2.81838293126440e+005	1.01495067708503e+001,-5.60332778304871e-001
2.88403150312656e+005	1.01566710657290e+001,-5.73804752677289e-001
2.95120922666633e+005	1.01641855792582e+001,-5.87621318490871e-001
3.01995172040196e+005	1.01720680651608e+001,-6.01792796705343e-001
3.09029543251354e+005	1.01803372396589e+001,-6.16329924431775e-001
3.16227766016832e+005	1.01890128397916e+001,-6.31243878676339e-001
3.23593656929623e+005	1.01981156858599e+001,-6.46546301847498e-001
3.31131121482585e+005	1.02076677483466e+001,-6.62249329159274e-001
3.38844156139197e+005	1.02176922196890e+001,-6.78365618112623e-001
3.46736850452526e+005	1.02282135913322e+001,-6.94908380236105e-001
3.54813389233569e+005	1.02392577365176e+001,-7.11891415279861e-001
3.63078054770095e+005	1.02508519993264e+001,-7.29329148094568e-001
3.71535229097166e+005	1.02630252905329e+001,-7.47236668447615e-001
3.80189396320555e+005	1.02758081908997e+001,-7.65629774039338e-001
3.89045144994274e+005	1.02892330626012e+001,-7.84525017026245e-001
3.98107170553490e+005	1.03033341695413e+001,-8.03939754385489e-001
4.07380277804106e+005	1.03181478074187e+001,-8.23892202503424e-001
4.16869383470328e+005	1.03337124444818e+001,-8.44401496375387e-001
4.26579518801585e+005	1.03500688740297e+001,-8.65487753914900e-001
4.36515832240158e+005	1.03672603798308e+001,-8.87172145840393e-001
4.46683592150955e+005	1.03853329157707e+001,-9.09476971755829e-001
4.57088189614867e+005	1.04043353011968e+001,-9.32425743024770e-001
4.67735141287190e+005	1.04243194336034e+001,-9.56043273188314e-001
4.78630092322630e+005	1.04453405204981e+001,-9.80355776695442e-001
4.89778819368438e+005	1.04674573325274e+001,-1.00539097688147e+000
5.01187233627263e+005	1.04907324801865e+001,-1.03117822417397e+000
5.12861383991356e+005	1.05152327167565e+001,-1.05774862569451e+000
5.24807460249763e+005	1.05410292704341e+001,-1.08513518753058e+000
5.37031796370243e+005	1.05681982090256e+001,-1.11337297114538e+000
5.49540873857615e+005	1.05968208410267e+001,-1.14249926556353e+000
5.62341325190339e+005	1.06269841574268e+001,-1.17255377722924e+000
5.75439937337147e+005	1.06587813191870e+001,-1.20357883965706e+000
5.88843655355579e+005	1.06923121960358e+001,-1.23561964531550e+000
6.02559586074347e+005	1.07276839630418e+001,-1.26872450252253e+000
6.16595001861471e+005	1.07650117623677e+001,-1.30294512054759e+000
6.30957344480182e+005	1.08044194387202e+001,-1.33833692657113e+000
6.45654229034644e+005	1.08460403582956e+001,-1.37495941871695e+000
6.60693448007584e+005	1.08900183225588e+001,-1.41287656002434e+000
6.76082975391970e+005	1.09365085899602e+001,-1.45215721895821e+000
6.91830970918924e+005	1.09856790208387e+001,-1.49287566301210e+000
7.07945784384125e+005	1.10377113632436e+001,-1.53511211295577e+000
7.24435960074977e+005	1.10928027004024e+001,-1.57895336661156e+000
7.41310241300904e+005	1.11511670841152e+001,-1.62449350248635e+000
7.58577575029170e+005	1.12130373826153e+001,-1.67183467543625e+000
7.76247116628678e+005	1.12786673765531e+001,-1.72108801868419e+000
7.94328234724267e+005	1.13483341429309e+001,-1.77237466910863e+000
8.12830516164085e+005	1.14223407743013e+001,-1.82582693588576e+000
8.31763771102656e+005	1.15010194896224e+001,-1.88158963638644e+000
8.51138038202361e+005	1.15847352042760e+001,-1.93982162787954e+000
8.70963589956065e+005	1.16738896403941e+001,-2.00069756935932e+000
8.91250938133729e+005	1.17689260754161e+001,-2.06440995476638e+000
9.12010839355893e+005	1.18703348476559e+001,-2.13117146765858e+000
9.33254300796974e+005	1.19786597635711e+001,-2.20121771814569e+000
9.54992586021419e+005	1.20945055839311e+001,-2.27481043647040e+000
9.77237220955793e+005	1.22185468070072e+001,-2.35224121456721e+000
9.99999999999982e+005	1.23515380188092e+001,-2.43383590850869e+000
1.02329299228074e+006	1.24943261465771e+001,-2.51995984206140e+000
1.04712854805088e+006	1.26478650367810e+001,-2.61102398665468e+000
1.07151930523759e+006	1.28132328889054e+001,-2.70749233838119e+000
1.09647819614316e+006	1.29916532197114e+001,-2.80989077137952e+000
1.12201845430194e+006	1.31845202212149e+001,-2.91881772418106e+000
1.14815362149686e+006	1.33934296255170e+001,-3.03495717738412e+000
1.17489755493951e+006	1.36202165240139e+001,-3.15909451694199e+000
1.20226443461739e+006	1.38670020402852e+001,-3.29213606020013e+000
1.23026877081236e+006	1.41362513728165e+001,-3.43513327062120e+000
1.25892541179414e+006	1.44308465754342e+001,-3.58931302902204e+000
1.28824955169311e+006	1.47541786337936e+001,-3.75611580510723e+000
1.31825673855638e+006	1.51102650819219e+001,-3.93724424344037e+000
1.34896288259163e+006	1.55039018237244e+001,-4.13472563569194e+000
1.38038426460286e+006	1.59408613549873e+001,-4.35099313956583e+000
1.41253754462273e+006	1.64281548171771e+001,-4.58899265058615e+000
1.44543977074590e+006	1.69743832221491e+001,-4.85232530101513e+000
1.47910838816818e+006	1.75902153729463e+001,-5.14544025111312e+000
1.51356124843618e+006	1.82890492060507e+001,-5.47389976424154e+000
1.54881661891245e+006	1.90879442869905e+001,-5.84475027331557e+000
1.58489319246108e+006	2.00089646608099e+001,-6.26705237919752e+000
1.62181009735890e+006	2.10811593830664e+001,-6.75265523917278e+000
1.65958690743753e+006	2.23435643275104e+001,-7.31735763463887e+000
1.69824365246171e+006	2.38498973308047e+001,-7.98270115701814e+000
1.73780082874934e+006	2.56761765076796e+001,-8.77883646783818e+000
1.77827941003889e+006	2.79336302735862e+001,-9.74929332644631e+000
1.81970085860995e+006	3.07917472767592e+001,-1.09593093594492e+001
1.86208713666283e+006	3.45221530263743e+001,-1.25112435273047e+001
1.90546071796321e+006	3.95891455151638e+001,-1.45752278083386e+001
1.94984459975801e+006	4.68571907874513e+001,-1.74559423903169e+001
1.99526231496884e+006	5.81397398271166e+001,-2.17564931595483e+001
2.04173794466949e+006	7.79896732067484e+001,-2.88504419376064e+001
2.08929613085400e+006	1.21961147463619e+002,-4.25521046959139e+001
2.13796208950219e+006	2.97644270119890e+002,-7.20393956557920e+001
2.18776162394951e+006	-4.20985115007698e+002,4.40346211598322e+002
2.23872113856830e+006	-1.31751829302713e+002,7.79851309253521e+001
2.29086765276773e+006	-7.45562909989702e+001,4.10585288780672e+001
2.34422881531988e+006	-5.09793477889261e+001,2.76675086533384e+001
2.39883291901944e+006	-3.81534803122340e+001,2.07879710222657e+001
2.45470891568498e+006	-3.01026985166896e+001,1.66041048461575e+001
2.51188643150953e+006	-2.45856190229232e+001,1.37909168319923e+001
2.57039578276881e+006	-2.05733876287519e+001,1.17686597906642e+001
2.63026799189533e+006	-1.75276540711227e+001,1.02438536884930e+001
2.69153480392686e+006	-1.51394564577704e+001,9.05212378497440e+000
2.75422870333811e+006	-1.32188279175810e+001,8.09428166754448e+000
2.81838293126440e+006	-1.16425485370439e+001,7.30694275275340e+000
2.88403150312655e+006	-1.03272006767318e+001,6.64771608964357e+000
2.95120922666633e+006	-9.21430039075494e+000,6.08718131987531e+000
3.01995172040196e+006	-8.26163009743555e+000,5.60428259212088e+000
3.09029543251353e+006	-7.43795144508057e+000,5.18355462092036e+000
3.16227766016832e+006	-6.71965439062650e+000,4.81338373734088e+000
3.23593656929622e+006	-6.08856289026128e+000,4.48487988214117e+000
3.31131121482585e+006	-5.53045681061969e+000,4.19112303283352e+000
3.38844156139196e+006	-5.03405141090477e+000,3.92664669148265e+000
3.46736850452525e+006	-4.59027725417295e+000,3.68707578229048e+000
3.54813389233568e+006	-4.19176219479434e+000,3.46886767379922e+000
3.63078054770094e+006	-3.83245224123566e+000,3.26912362364176e+000
3.71535229097165e+006	-3.50732971617524e+000,3.08544928080841e+000
3.80189396320554e+006	-3.21220077777063e+000,2.91584998004242e+000
3.89045144994273e+006	-2.94353317067782e+000,2.75865111462682e+000
3.98107170553489e+006	-2.69833087658396e+000,2.61243685446399e+000
4.07380277804105e+006	-2.47403622836761e+000,2.47600246611530e+000
4.16869383470327e+006	-2.26845271142964e+000,2.34831684318229e+000
4.26579518801584e+006	-2.07968352049323e+000,2.22849278871616e+000
4.36515832240157e+006	-1.90608223844409e+000,2.11576324510734e+000
4.46683592150954e+006	-1.74621292969417e+000,2.00946213124920e+000
4.57088189614866e+006	-1.59881760914486e+000,1.90900878068792e+000
4.67735141287189e+006	-1.46278953618566e+000,1.81389521734641e+000
4.78630092322629e+006	-1.33715114372505e+000,1.72367568409654e+000
4.89778819368436e+006	-1.22103568121893e+000,1.63795797204331e+000
5.01187233627262e+006	-1.11367185316248e+000,1.55639619790278e+000
5.12861383991355e+006	-1.01437088843851e+000,1.47868475202827e+000
5.24807460249762e+006	-9.22515593904435e-001,1.40455319702175e+000
5.37031796370242e+006	-8.37551036837685e-001,1.33376194096629e+000
5.49540873857613e+006	-7.58976571983444e-001,1.26609854352904e+000
5.62341325190338e+006	-6.86338984849113e-001,1.20137453994637e+000
5.75439937337145e+006	-6.19226567171115e-001,1.13942268903924e+000
5.88843655355577e+006	-5.57263975809147e-001,1.08009456832166e+000
6.02559586074345e+006	-5.00107754704466e-001,1.02325845294300e+000
6.16595001861470e+006	-4.47442422477057e-001,9.68797426463223e-001
6.30957344480180e+006	-3.98977046821935e-001,9.16607680881075e-001
6.45654229034642e+006	-3.54442241972111e-001,8.66596971357004e-001
6.60693448007582e+006	-3.13587537724378e-001,8.18683198025944e-001
6.76082975391968e+006	-2.76179078357208e-001,7.72793093420625e-001
6.91830970918922e+006	-2.41997617574682e-001,7.28860999449525e-001
7.07945784384123e+006	-2.10836781652497e-001,6.86827722711777e-001
7.24435960074975e+006	-1.82501577475907e-001,6.46639461199698e-001
7.41310241300902e+006	-1.56807125354973e-001,6.08246799131770e-001
7.58577575029168e+006	-1.33577598550164e-001,5.71603769754012e-001
7.76247116628676e+006	-1.12645352538676e-001,5.36666988390449e-001
7.94328234724265e+006	-9.38502273974875e-002,5.03394859768342e-001
8.12830516164082e+006	-7.70390064585890e-002,4.71746864666754e-001
8.31763771102654e+006	-6.20650138349736e-002,4.41682931221471e-001
8.51138038202359e+006	-4.87878327104072e-002,4.13162895798558e-001
8.70963589956062e+006	-3.70731256420720e-002,3.86146057284096e-001
8.91250938133727e+006	-2.67925376992002e-002,3.60590827032245e-001
9.12010839355890e+006	-1.78236632111331e-002,3.36454474700225e-001
9.33254300796971e+006	-1.00500573033380e-002,3.13692967939554e-001
9.54992586021416e+006	-3.36127431503396e-003,2.92260901575617e-001
9.77237220955790e+006	2.34708338247033e-003,2.72111509663354e-001
9.99999999999979e+006	7.17332076661005e-003,2.53196751809144e-001
1.02329299228073e+007	1.12096220906596e-002,2.35467463523315e-001
1.04712854805088e+007	1.45420491956460e-002,2.18873559205844e-001
1.07151930523758e+007	1.72505734152206e-002,2.03364275720060e-001
1.09647819614316e+007	1.94091456601566e-002,1.88888444380926e-001
1.12201845430194e+007	2.10858067850909e-002,1.75394779551009e-001
1.14815362149686e+007	2.23428380956734e-002,1.62832172833907e-001
1.17489755493950e+007	2.32369499343201e-002,1.51149982999939e-001
1.20226443461739e+007	2.38195047347832e-002,1.40298313176426e-001
1.23026877081236e+007	2.41367697845088e-002,1.30228268384265e-001
1.25892541179414e+007	2.42301941762992e-002,1.20892188107062e-001
1.28824955169311e+007	2.41367040372635e-002,1.12243850156644e-001
1.31825673855638e+007	2.38890100554090e-002,1.04238643576538e-001
1.34896288259162e+007	2.35159215244800e-002,9.68337096530420e-002
1.38038426460286e+007	2.30426615407356e-002,8.99880512454792e-002
1.41253754462272e+007	2.24911785491740e-002,8.36626115863623e-002
1.44543977074590e+007	2.18804500979414e-002,7.78203244337208e-002
1.47910838816818e+007	2.12267753683400e-002,7.24261379902873e-002
1.51356124843618e+007	2.05440537621368e-002,6.74470153541569e-002
1.54881661891245e+007	1.98440475167168e-002,6.28519144545174e-002
1.58489319246108e+007	1.91366269563545e-002,5.86117504801951e-002
1.62181009735889e+007	1.84299975597258e-002,5.46993437534380e-002
1.65958690743752e+007	1.77309085197061e-002,5.10893558625032e-002
1.69824365246171e+007	1.70448428884089e-002,4.77582166671062e-002
1.73780082874934e+007	1.63761897395186e-002,4.46840445515281e-002
1.77827941003888e+007	1.57283990448565e-002,4.18465620384533e-002
1.81970085860994e+007	1.51041201601118e-002,3.92270086066350e-002
1.86208713666283e+007	1.45053249530723e-002,3.68080522884144e-002
1.90546071796321e+007	1.39334166950290e-002,3.45737013669898e-002
1.94984459975800e+007	1.33893258808507e-002,3.25092172541901e-002
1.99526231496884e+007	1.28735941535506e-002,3.06010294105650e-002
2.04173794466948e+007	1.23864474923780e-002,2.88366529730810e-002
2.08929613085399e+007	1.19278597862714e-002,2.72046095819016e-002
2.13796208950219e+007	1.14976078626743e-002,2.56943517460876e-002
2.18776162394950e+007	1.10953189800967e-002,2.42961909574380e-002
2.23872113856829e+007	1.07205117254819e-002,2.30012296499417e-002
2.29086765276772e+007	1.03726311876440e-002,2.18012970074181e-002
2.34422881531987e+007	1.00510792083220e-002,2.06888885412728e-002
2.39883291901944e+007	9.75524044474819e-003,1.96571092911187e-002
2.45470891568498e+007	9.48450491320798e-003,1.86996204406907e-002
2.51188643150952e+007	9.23828762294612e-003,1.78105890867730e-002
2.57039578276881e+007	9.01604585405789e-003,1.69846408468132e-002
2.63026799189532e+007	8.81729458169387e-003,1.62168149379046e-002
2.69153480392686e+007	8.64162050111632e-003,1.55025213021234e-002
2.75422870333811e+007	8.48869506252463e-003,1.48374992862635e-002
2.81838293126439e+007	8.35828687852186e-003,1.42177773026510e-002
2.88403150312654e+007	8.25027381685419e-003,1.36396327954670e-002
2.95120922666632e+007	8.16465503051682e-003,1.30995517061406e-002
3.01995172040195e+007	8.10156309738983e-003,1.25941864621778e-002
3.09029543251352e+007	8.06127632812878e-003,1.21203112945088e-002
3.16227766016831e+007	8.04423113280392e-003,1.16747734048319e-002
3.23593656929621e+007	8.05103408110061e-003,1.12544381401484e-002
3.31131121482584e+007	8.08247289824958e-003,1.08561258692210e-002
3.38844156139195e+007	8.13952503419477e-003,1.04765376796481e-002
3.46736850452524e+007	8.22336151359626e-003,1.01121663181629e-002
3.54813389233568e+007	8.33534235018365e-003,9.75918799755028e-003
3.63078054770093e+007	8.47699764213212e-003,9.41332985974020e-003
3.71535229097164e+007	8.64998519825357e-003,9.06970718955145e-003
3.80189396320553e+007	8.85601068434720e-003,8.72262429268702e-003
3.89045144994272e+007	9.09668918806815e-003,8.36533403411977e-003
3.98107170553488e+007	9.37331706408925e-003,7.98975479087182e-003
4.07380277804104e+007	9.68650939732597e-003,7.58615253702759e-003
4.16869383470326e+007	1.00356417216610e-002,7.14281423544992e-003
4.26579518801583e+007	1.04180174735756e-002,6.64577338256002e-003
4.36515832240156e+007	1.08276733156442e-002,6.07870870429259e-003
4.46683592150953e+007	1.12537522590078e-002,5.42323222181016e-003
4.57088189614865e+007	1.16784573563568e-002,4.65991461188949e-003
4.67735141287188e+007	1.20748077583029e-002,3.77053572010959e-003
4.78630092322628e+007	1.24048234433054e-002,2.74209803923586e-003
4.89778819368435e+007	1.26193720366165e-002,1.57288656278763e-003
5.01187233627261e+007	1.26615026093757e-002,2.79988833837935e-004
5.12861383991353e+007	1.24750261164009e-002,-1.09395657567994e-003
5.24807460249761e+007	1.20184198587773e-002,-2.47886436243616e-003
5.37031796370241e+007	1.12805085187196e-002,-3.78450938815421e-003
5.49540873857612e+007	1.02906853315625e-002,-4.91801425367817e-003
5.62341325190336e+007	9.11664238646060e-003,-5.80607661000556e-003
5.75439937337144e+007	7.84870493778157e-003,-6.41193630361714e-003
5.88843655355576e+007	6.57787453820432e-003,-6.73940585075324e-003
6.02559586074344e+007	5.37761097690832e-003,-6.82409321518523e-003
6.16595001861468e+007	4.29531160877631e-003,-6.71839169375562e-003
6.30957344480179e+007	3.35307878425114e-003,-6.47750721919189e-003
6.45654229034641e+007	2.55373209574252e-003,-6.15038766488337e-003
6.60693448007581e+007	1.88800775919500e-003,-5.77579925263020e-003
6.76082975391967e+007	1.34059079005843e-003,-5.38198151253774e-003
6.91830970918921e+007	8.94252298735195e-004,-4.98811772618998e-003
7.07945784384122e+007	5.32273315877649e-004,-4.60637487076750e-003
7.24435960074974e+007	2.39637430284460e-004,-4.24384831492714e-003
7.41310241300901e+007	3.45777087518750e-006,-3.90415139645184e-003
7.58577575029167e+007	-1.87017738434467e-004,-3.58860853128661e-003
7.76247116628674e+007	-3.40602618296552e-004,-3.29710340149034e-003
7.94328234724264e+007	-4.64442215055466e-004,-3.02865926698071e-003
8.12830516164081e+007	-5.64291250113940e-004,-2.78182418142143e-003
8.31763771102652e+007	-6.44767351538737e-004,-2.55491978197342e-003
8.51138038202357e+007	-7.09569067249923e-004,-2.34619731847187e-003
8.70963589956061e+007	-7.61656873326683e-004,-2.15393193921835e-003
8.91250938133725e+007	-8.03400253513082e-004,-1.97647662306018e-003
9.12010839355889e+007	-8.36695588649249e-004,-1.81229021614835e-003
9.33254300796970e+007	-8.63059816326497e-004,-1.65994920707659e-003
9.54992586021414e+007	-8.83704397594043e-004,-1.51814958857313e-003
9.77237220955788e+007	-8.99593473076770e-004,-1.38570295067393e-003
9.99999999999977e+007	-9.11489407919609e-004,-1.26152949069001e-003
1.02329299228073e+008	-9.19988303286789e-004,-1.14464966947516e-003
1.04712854805088e+008	-9.25547523959624e-004,-1.03417562629314e-003
1.07151930523758e+008	-9.28506861745073e-004,-9.29303074085618e-004
1.09647819614316e+008	-9.29104616320005e-004,-8.29304158108721e-004
1.12201845430194e+008	-9.27489618875340e-004,-7.33521623485649e-004
1.14815362149686e+008	-9.23730040256943e-004,-6.41364567133092e-004
1.17489755493950e+008	-9.17819707441226e-004,-5.52306022621477e-004
1.20226443461738e+008	-9.09682596317086e-004,-4.65882623952459e-004
1.23026877081235e+008	-8.99176173696992e-004,-3.81696598595247e-004
1.25892541179414e+008	-8.86094327520307e-004,-2.99420332208442e-004
1.28824955169310e+008	-8.70170750692388e-004,-2.18803703277301e-004
1.31825673855638e+008	-8.51083825269896e-004,-1.39684274205694e-004
1.34896288259162e+008	-8.28464272689237e-004,-6.20002068216013e-005
1.38038426460285e+008	-8.01907054863568e-004,1.41946005890873e-005
1.41253754462272e+008	-7.70989161029839e-004,8.87142238904046e-005
1.44543977074589e+008	-7.35294885032048e-004,1.61225125413804e-004
1.47910838816817e+008	-6.94449831264406e-004,2.31234098142635e-004
1.51356124843617e+008	-6.48164000102701e-004,2.98083618436765e-004
1.54881661891244e+008	-5.96282732570747e-004,3.60959341856174e-004
1.58489319246108e+008	-5.38841995321895e-004,4.18914727280371e-004
1.62181009735889e+008	-4.76121672184840e-004,4.70916885580082e-004
1.65958690743752e+008	-4.08687793107157e-004,5.15915235047570e-004
1.69824365246170e+008	-3.37412976957996e-004,5.52930256122665e-004
1.73780082874933e+008	-2.63464989791173e-004,5.81154094981062e-004
1.77827941003888e+008	-1.88257121093763e-004,6.00049350673449e-004
1.81970085860994e+008	-1.13360994766621e-004,6.09429110055253e-004
1.86208713666282e+008	-4.03909949985764e-005,6.09502065586733e-004
1.90546071796320e+008	2.91229522215932e-005,6.00872097926719e-004
1.94984459975800e+008	9.38537674652461e-005,5.84490879686561e-004
1.99526231496883e+008	1.52768006823231e-004,5.61572034726676e-004
2.04173794466948e+008	2.05176920564736e-004,5.33482871718196e-004
2.08929613085399e+008	2.50744808431960e-004,5.01632466324331e-004
2.13796208950218e+008	2.89460266379624e-004,4.67372646552198e-004
2.18776162394950e+008	3.21581517144535e-004,4.31922801812757e-004
2.23872113856829e+008	3.47568802519664e-004,3.96322746785381e-004
2.29086765276772e+008	3.68015395085638e-004,3.61412167014174e-004
2.34422881531987e+008	3.83585536359086e-004,3.27831541955880e-004
2.39883291901943e+008	3.94963925441498e-004,2.96037992674988e-004
2.45470891568497e+008	4.02818233463390e-004,2.66329721425802e-004
2.51188643150952e+008	4.07773933552721e-004,2.38873882455914e-004
2.57039578276880e+008	4.10399528406291e-004,2.13734222116222e-004
2.63026799189532e+008	4.11199820407886e-004,1.90896239639510e-004
2.69153480392685e+008	4.10614933279796e-004,1.70288746724168e-004
2.75422870333810e+008	4.09023122001623e-004,1.51801495271869e-004
2.81838293126439e+008	4.06745829219656e-004,1.35299034241965e-004
2.88403150312654e+008	4.04053859128999e-004,1.20631218180216e-004
2.95120922666631e+008	4.01173893429770e-004,1.07640893753144e-004
3.01995172040194e+008	3.98294851955869e-004,9.61692968786138e-005
3.09029543251351e+008	3.95573805397367e-004,8.60596461112612e-005
3.16227766016830e+008	3.93141290226567e-004,7.71593473747547e-005
3.23593656929620e+008	3.91105969937564e-004,6.93211489311093e-005
3.31131121482583e+008	3.89558644659750e-004,6.24035134973314e-005
3.38844156139194e+008	3.88575643609040e-004,5.62704112398706e-005
3.46736850452523e+008	3.88221649766489e-004,5.07906844171082e-005
3.54813389233567e+008	3.88552009463567e-004,4.58370914025530e-005
3.63078054770092e+008	3.89614575205218e-004,4.12851036142769e-005
3.71535229097163e+008	3.91451120636665e-004,3.70115021677855e-005
3.80189396320552e+008	3.94098353531752e-004,3.28928006124700e-005
3.89045144994271e+008	3.97588536712534e-004,2.88035049307730e-005
3.98107170553487e+008	4.01949707958793e-004,2.46142114956253e-005
4.07380277804103e+008	4.07205467833227e-004,2.01895378244890e-005
4.16869383470325e+008	4.13374278200702e-004,1.53858803103956e-005
4.26579518801582e+008	4.20468183120417e-004,1.00489990635705e-005
4.36515832240155e+008	4.28490826781502e-004,4.01144509336326e-006
4.46683592150952e+008	4.37434599579975e-004,-2.91012665810758e-006
4.57088189614864e+008	4.47276693521395e-004,-1.09176673924142e-005
4.67735141287186e+008	4.57973793997875e-004,-2.02343011705341e-005
4.78630092322626e+008	4.69455082382567e-004,-3.11064666682763e-005
4.89778819368434e+008	4.81613185020620e-004,-4.38051824947299e-005
5.01187233627260e+008	4.94292702095735e-004,-5.86257426388665e-005
5.12861383991352e+008	5.07276024534756e-004,-7.58848184409069e-005
5.24807460249759e+008	5.20266363321635e-004,-9.59135185709558e-005
5.37031796370239e+008	5.32868370091154e-004,-1.19044458889906e-004
5.49540873857610e+008	5.44567550660160e-004,-1.45590396612364e-004
5.62341325190335e+008	5.54711010169898e-004,-1.75811668182175e-004
5.75439937337142e+008	5.62494023613647e-004,-2.09869879855929e-004
5.88843655355574e+008	5.66959431046802e-004,-2.47766582015914e-004
6.02559586074342e+008	5.67019449973548e-004,-2.89268727159599e-004
6.16595001861466e+008	5.61511036180311e-004,-3.33828202521247e-004
6.30957344480177e+008	5.49294419445680e-004,-3.80510602334432e-004
6.45654229034639e+008	5.29397403011714e-004,-4.27957005654157e-004
6.60693448007579e+008	5.01193830130827e-004,-4.74407748973656e-004
6.76082975391964e+008	4.64585013014061e-004,-5.17812915970055e-004
6.91830970918918e+008	4.20135184177970e-004,-5.56035462260467e-004
7.07945784384120e+008	3.69108017411573e-004,-5.87121018425096e-004
7.24435960074971e+008	3.13370709808289e-004,-6.09575393753632e-004
7.41310241300898e+008	2.55172982486616e-004,-6.22575423304430e-004
7.58577575029164e+008	1.96853101964319e-004,-6.26054311364951e-004
7.76247116628671e+008	1.40547913291431e-004,-6.20644567366908e-004
7.94328234724261e+008	8.79759800059770e-005,-6.07508628005376e-004
8.12830516164078e+008	4.03293796500645e-005,-5.88116056419989e-004
8.31763771102649e+008	-1.72930544258161e-006,-5.64027323152746e-004
8.51138038202354e+008	-3.79948049086085e-005,-5.36724750704148e-004
8.70963589956058e+008	-6.86097643762187e-005,-5.07505841186132e-004
8.91250938133722e+008	-9.39500020079343e-005,-4.77434405948958e-004
9.12010839355886e+008	-1.14524303943588e-004,-4.47334824634523e-004
9.33254300796966e+008	-1.30897253783618e-004,-4.17812880607849e-004
9.54992586021411e+008	-1.43635716978417e-004,-3.89289383607746e-004
9.77237220955785e+008	-1.53275475176082e-004,-3.62037070845774e-004
1.00000000000000e+009	-1.60303128320031e-004,-3.36215238000606e-004
