Freq.	V(vout)
1.00000000000000e+000	-1.12064597991191e-007,-1.52476565478342e-009
1.02329299228075e+000	-1.17345210703990e-007,-1.63649505252711e-009
1.04712854805090e+000	-1.22874611047473e-007,-1.75627683032430e-009
1.07151930523761e+000	-1.28664516306376e-007,-1.88468822065322e-009
1.09647819614318e+000	-1.34727195240081e-007,-2.02234775852394e-009
1.12201845430196e+000	-1.41075494000738e-007,-2.16991823274104e-009
1.14815362149688e+000	-1.47722863266511e-007,-2.32810985142922e-009
1.17489755493953e+000	-1.54683386645594e-007,-2.49768363076060e-009
1.20226443461741e+000	-1.61971810410739e-007,-2.67945502607729e-009
1.23026877081238e+000	-1.69603574626028e-007,-2.87429782683528e-009
1.25892541179417e+000	-1.77594845730342e-007,-3.08314832004323e-009
1.28824955169313e+000	-1.85962550646022e-007,-3.30700976436841e-009
1.31825673855641e+000	-1.94724412482210e-007,-3.54695716997667e-009
1.34896288259165e+000	-2.03898987908623e-007,-3.80414243178421e-009
1.38038426460288e+000	-2.13505706275379e-007,-4.07979982038252e-009
1.41253754462275e+000	-2.23564910560984e-007,-4.37525187021838e-009
1.44543977074593e+000	-2.34097900233260e-007,-4.69191568577962e-009
1.47910838816821e+000	-2.45126976110065e-007,-5.03130969939333e-009
1.51356124843621e+000	-2.56675487314691e-007,-5.39506090987460e-009
1.54881661891248e+000	-2.68767880420179e-007,-5.78491263884783e-009
1.58489319246111e+000	-2.81429750885588e-007,-6.20273284444124e-009
1.62181009735893e+000	-2.94687896888002e-007,-6.65052301642361e-009
1.65958690743756e+000	-3.08570375662324e-007,-7.13042772375646e-009
1.69824365246174e+000	-3.23106562462134e-007,-7.64474482500018e-009
1.73780082874937e+000	-3.38327212264446e-007,-8.19593642328424e-009
1.77827941003892e+000	-3.54264524341519e-007,-8.78664059096266e-009
1.81970085860998e+000	-3.70952209832737e-007,-9.41968393573742e-009
1.86208713666287e+000	-3.88425562453935e-007,-1.00980950646097e-008
1.90546071796325e+000	-4.06721532485584e-007,-1.08251190035839e-008
1.94984459975804e+000	-4.25878804191845e-007,-1.16042326474306e-008
1.99526231496888e+000	-4.45937876824429e-007,-1.24391613109400e-008
2.04173794466953e+000	-4.66941149375512e-007,-1.33338964605543e-008
2.08929613085404e+000	-4.88933009249606e-007,-1.42927147104739e-008
2.13796208950223e+000	-5.11959925030984e-007,-1.53201981659561e-008
2.18776162394955e+000	-5.36070543532608e-007,-1.64212562247996e-008
2.23872113856834e+000	-5.61315791319730e-007,-1.76011489273664e-008
2.29086765276777e+000	-5.87748980907889e-007,-1.88655119658089e-008
2.34422881531992e+000	-6.15425921847518e-007,-2.02203834840363e-008
2.39883291901949e+000	-6.44405036911766e-007,-2.16722327689842e-008
2.45470891568503e+000	-6.74747483617658e-007,-2.32279910055299e-008
2.51188643150958e+000	-7.06517281314837e-007,-2.48950841981209e-008
2.57039578276886e+000	-7.39781444093862e-007,-2.66814684506997e-008
2.63026799189538e+000	-7.74610119765791e-007,-2.85956677428908e-008
2.69153480392691e+000	-8.11076735187847e-007,-3.06468143994463e-008
2.75422870333816e+000	-8.49258148208686e-007,-3.28446924394066e-008
2.81838293126445e+000	-8.89234806525245e-007,-3.51997839903042e-008
2.88403150312660e+000	-9.31090913755231e-007,-3.77233190146656e-008
2.95120922666638e+000	-9.74914603034967e-007,-4.04273285643591e-008
3.01995172040201e+000	-1.02079811847305e-006,-4.33247018059491e-008
3.09029543251359e+000	-1.06883800479412e-006,-4.64292471034405e-008
3.16227766016837e+000	-1.11913530552899e-006,-4.97557574287446e-008
3.23593656929628e+000	-1.17179577011139e-006,-5.33200804063606e-008
3.31131121482591e+000	-1.22693007026395e-006,-5.71391933315431e-008
3.38844156139202e+000	-1.28465402606370e-006,-6.12312834980346e-008
3.46736850452531e+000	-1.34508884209362e-006,-6.56158342062960e-008
3.54813389233575e+000	-1.40836135410248e-006,-7.03137168776585e-008
3.63078054770101e+000	-1.47460428660789e-006,-7.53472896654281e-008
3.71535229097172e+000	-1.54395652189334e-006,-8.07405030499470e-008
3.80189396320560e+000	-1.61656338086470e-006,-8.65190128932393e-008
3.89045144994280e+000	-1.69257691624877e-006,-9.27103014766618e-008
3.98107170553496e+000	-1.77215621862552e-006,-9.93438070840022e-008
4.07380277804112e+000	-1.85546773581105e-006,-1.06451062721088e-007
4.16869383470335e+000	-1.94268560611468e-006,-1.14065844628231e-007
4.26579518801592e+000	-2.03399200601061e-006,-1.22224331228788e-007
4.36515832240165e+000	-2.12957751278478e-006,-1.30965273296021e-007
4.46683592150962e+000	-2.22964148272257e-006,-1.40330176067963e-007
4.57088189614874e+000	-2.33439244543088e-006,-1.50363494176372e-007
4.67735141287197e+000	-2.44404851488240e-006,-1.61112840249450e-007
4.78630092322637e+000	-2.55883781780651e-006,-1.72629208175150e-007
4.89778819368445e+000	-2.67899894004217e-006,-1.84967211984268e-007
5.01187233627271e+000	-2.80478139149159e-006,-1.98185341500421e-007
5.12861383991364e+000	-2.93644609032194e-006,-2.12346235834312e-007
5.24807460249771e+000	-3.07426586706711e-006,-2.27516976036480e-007
5.37031796370252e+000	-3.21852598929524e-006,-2.43769398139957e-007
5.49540873857623e+000	-3.36952470750117e-006,-2.61180428064263e-007
5.62341325190348e+000	-3.52757382290656e-006,-2.79832439820724e-007
5.75439937337156e+000	-3.69299927782618e-006,-2.99813638656793e-007
5.88843655355588e+000	-3.86614176927921e-006,-3.21218470783659e-007
6.02559586074356e+000	-4.04735738650240e-006,-3.44148061562728e-007
6.16595001861481e+000	-4.23701827302791e-006,-3.68710684010773e-007
6.30957344480192e+000	-4.43551331396102e-006,-3.95022259721470e-007
6.45654229034654e+000	-4.64324884908498e-006,-4.23206894370098e-007
6.60693448007594e+000	-4.86064941240254e-006,-4.53397450121700e-007
6.76082975391980e+000	-5.08815849867942e-006,-4.85736157438908e-007
6.91830970918935e+000	-5.32623935753391e-006,-5.20375268878663e-007
7.07945784384136e+000	-5.57537581556780e-006,-5.57477757720289e-007
7.24435960074988e+000	-5.83607312699971e-006,-5.97218064368342e-007
7.41310241300916e+000	-6.10885885317339e-006,-6.39782893680432e-007
7.58577575029182e+000	-6.39428377127119e-006,-6.85372066611330e-007
7.76247116628690e+000	-6.69292281248794e-006,-7.34199429677969e-007
7.94328234724279e+000	-7.00537602979087e-006,-7.86493826043665e-007
8.12830516164097e+000	-7.33226959534280e-006,-8.42500132247089e-007
8.31763771102669e+000	-7.67425682749666e-006,-9.02480364736093e-007
8.51138038202374e+000	-8.03201924716863e-006,-9.66714860804006e-007
8.70963589956078e+000	-8.40626766323502e-006,-1.03550353856054e-006
8.91250938133743e+000	-8.79774328640593e-006,-1.10916724103535e-006
9.12010839355907e+000	-9.20721887088811e-006,-1.18804916970734e-006
9.33254300796988e+000	-9.63549988287030e-006,-1.27251641303858e-006
9.54992586021433e+000	-1.00834256946727e-005,-1.36296157594038e-006
9.77237220955808e+000	-1.05518708031218e-005,-1.45980451640967e-006
9.99999999999997e+000	-1.10417460703863e-005,-1.56349419587300e-006
1.02329299228075e+001	-1.15539999852376e-005,-1.67451065019866e-006
1.04712854805090e+001	-1.20896199422634e-005,-1.79336708855431e-006
1.07151930523760e+001	-1.26496335362269e-005,-1.92061212780711e-006
1.09647819614318e+001	-1.32351098682581e-005,-2.05683217042050e-006
1.12201845430196e+001	-1.38471608601443e-005,-2.20265393422387e-006
1.14815362149688e+001	-1.44869425723348e-005,-2.35874714280016e-006
1.17489755493953e+001	-1.51556565208537e-005,-2.52582738562832e-006
1.20226443461741e+001	-1.58545509874998e-005,-2.70465915758629e-006
1.23026877081238e+001	-1.65849223170942e-005,-2.89605908755337e-006
1.25892541179416e+001	-1.73481161947764e-005,-3.10089936663559e-006
1.28824955169313e+001	-1.81455288954483e-005,-3.32011138653049e-006
1.31825673855640e+001	-1.89786084966140e-005,-3.55468959913694e-006
1.34896288259165e+001	-1.98488560448203e-005,-3.80569560880586e-006
1.38038426460288e+001	-2.07578266648582e-005,-4.07426250893694e-006
1.41253754462275e+001	-2.17071305997316e-005,-4.36159947500335e-006
1.44543977074592e+001	-2.26984341680727e-005,-4.66899662618851e-006
1.47910838816820e+001	-2.37334606244377e-005,-4.99783016830162e-006
1.51356124843620e+001	-2.48139909063123e-005,-5.34956783054264e-006
1.54881661891248e+001	-2.59418642502719e-005,-5.72577460904733e-006
1.58489319246111e+001	-2.71189786578348e-005,-6.12811882999640e-006
1.62181009735892e+001	-2.83472911899680e-005,-6.55837854521622e-006
1.65958690743755e+001	-2.96288180670832e-005,-7.01844827290020e-006
1.69824365246174e+001	-3.09656345495067e-005,-7.51034609604608e-006
1.73780082874937e+001	-3.23598745710240e-005,-8.03622113062395e-006
1.77827941003892e+001	-3.38137300959902e-005,-8.59836137527046e-006
1.81970085860998e+001	-3.53294501678871e-005,-9.19920195332805e-006
1.86208713666286e+001	-3.69093396147798e-005,-9.84133375752085e-006
1.90546071796324e+001	-3.85557573743400e-005,-1.05275125063866e-005
1.94984459975804e+001	-4.02711143983135e-005,-1.12606682202769e-005
1.99526231496887e+001	-4.20578710933107e-005,-1.20439151233713e-005
2.04173794466952e+001	-4.39185342518476e-005,-1.28805619763689e-005
2.08929613085403e+001	-4.58556534243143e-005,-1.37741228422823e-005
2.13796208950222e+001	-4.78718166792991e-005,-1.47283282856084e-005
2.18776162394954e+001	-4.99696456963914e-005,-1.57471370021947e-005
2.23872113856833e+001	-5.21517901322554e-005,-1.68347478740978e-005
2.29086765276776e+001	-5.44209211972668e-005,-1.79956124400606e-005
2.34422881531991e+001	-5.67797243766149e-005,-1.92344477683079e-005
2.39883291901948e+001	-5.92308912264835e-005,-2.05562497137491e-005
2.45470891568502e+001	-6.17771101724776e-005,-2.19663065367272e-005
2.51188643150957e+001	-6.44210562343780e-005,-2.34702128548048e-005
2.57039578276885e+001	-6.71653795982813e-005,-2.50738838929887e-005
2.63026799189537e+001	-7.00126929542741e-005,-2.67835699908753e-005
2.69153480392690e+001	-7.29655575153685e-005,-2.86058713179699e-005
2.75422870333815e+001	-7.60264676313779e-005,-3.05477527402579e-005
2.81838293126444e+001	-7.91978339094137e-005,-3.26165587723471e-005
2.88403150312659e+001	-8.24819647517469e-005,-3.48200285401696e-005
2.95120922666637e+001	-8.58810462212134e-005,-3.71663106691771e-005
3.01995172040200e+001	-8.93971201441956e-005,-3.96639780019404e-005
3.09029543251358e+001	-9.30320603626489e-005,-4.23220420380370e-005
3.16227766016837e+001	-9.67875470480458e-005,-4.51499669767083e-005
3.23593656929627e+001	-1.00665038993530e-004,-4.81576832303574e-005
3.31131121482590e+001	-1.04665743804368e-004,-5.13556002638161e-005
3.38844156139201e+001	-1.08790585912396e-004,-5.47546186005132e-005
3.46736850452530e+001	-1.13040172346930e-004,-5.83661408230618e-005
3.54813389233574e+001	-1.17414756203110e-004,-6.22020813813492e-005
3.63078054770100e+001	-1.21914197758445e-004,-6.62748750071035e-005
3.71535229097171e+001	-1.26537923200481e-004,-7.05974835196458e-005
3.80189396320559e+001	-1.31284880941804e-004,-7.51834007936065e-005
3.89045144994279e+001	-1.36153495514474e-004,-8.00466556458403e-005
3.98107170553495e+001	-1.41141619053424e-004,-8.52018123860713e-005
4.07380277804111e+001	-1.46246480398031e-004,-9.06639687636585e-005
4.16869383470333e+001	-1.51464631862636e-004,-9.64487510323382e-005
4.26579518801591e+001	-1.56791893750754e-004,-1.02572305845574e-004
4.36515832240164e+001	-1.62223296712904e-004,-1.09051288687461e-004
4.46683592150961e+001	-1.67753022075831e-004,-1.15902848538933e-004
4.57088189614873e+001	-1.73374340299926e-004,-1.23144608475993e-004
4.67735141287196e+001	-1.79079547752165e-004,-1.30794641896247e-004
4.78630092322636e+001	-1.84859902013958e-004,-1.38871444072788e-004
4.89778819368444e+001	-1.90705555975916e-004,-1.47393898740423e-004
5.01187233627270e+001	-1.96605491004904e-004,-1.56381239428535e-004
5.12861383991362e+001	-2.02547449502136e-004,-1.65853005268082e-004
5.24807460249770e+001	-2.08517867204129e-004,-1.75828991017162e-004
5.37031796370250e+001	-2.14501805610626e-004,-1.86329191070391e-004
5.49540873857622e+001	-2.20482884953989e-004,-1.97373737242141e-004
5.62341325190346e+001	-2.26443218153679e-004,-2.08982830142282e-004
5.75439937337154e+001	-2.32363346225266e-004,-2.21176663995388e-004
5.88843655355586e+001	-2.38222175636226e-004,-2.33975344789814e-004
6.02559586074355e+001	-2.43996918119926e-004,-2.47398801681733e-004
6.16595001861479e+001	-2.49663033473906e-004,-2.61466691620162e-004
6.30957344480190e+001	-2.55194175878218e-004,-2.76198297201695e-004
6.45654229034652e+001	-2.60562144274458e-004,-2.91612417807526e-004
6.60693448007593e+001	-2.65736837345151e-004,-3.07727254119244e-004
6.76082975391978e+001	-2.70686213626560e-004,-3.24560286152993e-004
6.91830970918933e+001	-2.75376257276141e-004,-3.42128144993111e-004
7.07945784384134e+001	-2.79770949998005e-004,-3.60446478444583e-004
7.24435960074986e+001	-2.83832249607345e-004,-3.79529810858239e-004
7.41310241300914e+001	-2.87520075687969e-004,-3.99391397411911e-004
7.58577575029180e+001	-2.90792302766227e-004,-4.20043073154021e-004
7.76247116628688e+001	-2.93604761392152e-004,-4.41495097132068e-004
7.94328234724277e+001	-2.95911247484199e-004,-4.63755991936681e-004
8.12830516164095e+001	-2.97663540260527e-004,-4.86832378991507e-004
8.31763771102667e+001	-2.98811429048382e-004,-5.10728809909598e-004
8.51138038202372e+001	-2.99302749235828e-004,-5.35447594218698e-004
8.70963589956076e+001	-2.99083427608871e-004,-5.60988623729631e-004
8.91250938133741e+001	-2.98097537304879e-004,-5.87349193786714e-004
9.12010839355905e+001	-2.96287362610806e-004,-6.14523821594582e-004
9.33254300796986e+001	-2.93593473846407e-004,-6.42504061766739e-004
9.54992586021431e+001	-2.89954812598709e-004,-6.71278319186186e-004
9.77237220955805e+001	-2.85308787618175e-004,-7.00831659212300e-004
9.99999999999995e+001	-2.79591381749972e-004,-7.31145615211945e-004
1.02329299228075e+002	-2.72737270358052e-004,-7.62197993340534e-004
1.04712854805089e+002	-2.64679951806456e-004,-7.93962674453591e-004
1.07151930523760e+002	-2.55351890692449e-004,-8.26409412996247e-004
1.09647819614318e+002	-2.44684674679809e-004,-8.59503632700165e-004
1.12201845430196e+002	-2.32609185958766e-004,-8.93206218921672e-004
1.14815362149688e+002	-2.19055788560032e-004,-9.27473307484491e-004
1.17489755493952e+002	-2.03954532973068e-004,-9.62256069953276e-004
1.20226443461741e+002	-1.87235379761479e-004,-9.97500495364775e-004
1.23026877081237e+002	-1.68828444126784e-004,-1.03314716858916e-003
1.25892541179416e+002	-1.48664263643093e-004,-1.06913104569120e-003
1.28824955169313e+002	-1.26674091662749e-004,-1.10538122691587e-003
1.31825673855640e+002	-1.02790219170879e-004,-1.14182072824418e-003
1.34896288259165e+002	-7.69463281360318e-005,-1.17836625285646e-003
1.38038426460288e+002	-4.90778796556369e-005,-1.21492796431189e-003
1.41253754462275e+002	-1.91225404159382e-005,-1.25140926380845e-003
1.44543977074592e+002	1.29793488370721e-005,-1.28770657453315e-003
1.47910838816820e+002	4.72842590027270e-005,-1.32370913685279e-003
1.51356124843620e+002	8.38449086573027e-005,-1.35929881893294e-003
1.54881661891247e+002	1.22709646627441e-004,-1.39434994830889e-003
1.58489319246110e+002	1.63921777511645e-004,-1.42872917096346e-003
1.62181009735892e+002	2.07518826900613e-004,-1.46229534558860e-003
1.65958690743755e+002	2.53531743576362e-004,-1.49489948190924e-003
1.69824365246173e+002	3.01984036715890e-004,-1.52638473321219e-003
1.73780082874936e+002	3.52890847123114e-004,-1.55658645452770e-003
1.77827941003891e+002	4.06257952798703e-004,-1.58533233922360e-003
1.81970085860997e+002	4.62080710767258e-004,-1.61244264804960e-003
1.86208713666286e+002	5.20342939046610e-004,-1.63773054585973e-003
1.90546071796323e+002	5.81015744996782e-004,-1.66100256227617e-003
1.94984459975803e+002	6.44056309044354e-004,-1.68205919335953e-003
1.99526231496887e+002	7.09406635952921e-004,-1.70069566182235e-003
2.04173794466952e+002	7.76992289394682e-004,-1.71670285335796e-003
2.08929613085403e+002	8.46721129545053e-004,-1.72986844613223e-003
2.13796208950222e+002	9.18482077715407e-004,-1.73997824927215e-003
2.18776162394954e+002	9.92143936572038e-004,-1.74681776414310e-003
2.23872113856832e+002	1.06755429913678e-003,-1.75017397920204e-003
2.29086765276776e+002	1.14453858435505e-003,-1.74983740511886e-003
2.34422881531991e+002	1.22289924133592e-003,-1.74560435156714e-003
2.39883291901947e+002	1.30241516815183e-003,-1.73727944052770e-003
2.45470891568501e+002	1.38284139402245e-003,-1.72467834310370e-003
2.51188643150956e+002	1.46390907545126e-003,-1.70763071775851e-003
2.57039578276885e+002	1.54532585706152e-003,-1.68598331769330e-003
2.63026799189536e+002	1.62677664610849e-003,-1.65960322400746e-003
2.69153480392690e+002	1.70792484556760e-003,-1.62838114968196e-003
2.75422870333815e+002	1.78841408400016e-003,-1.59223474775605e-003
2.81838293126443e+002	1.86787047085808e-003,-1.55111184591593e-003
2.88403150312659e+002	1.94590539340820e-003,-1.50499351976812e-003
2.95120922666637e+002	2.02211885611075e-003,-1.45389690909448e-003
3.01995172040200e+002	2.09610334534602e-003,-1.39787767618446e-003
3.09029543251357e+002	2.16744818235390e-003,-1.33703200369435e-003
3.16227766016836e+002	2.23574430587205e-003,-1.27149803209440e-003
3.23593656929626e+002	2.30058940419651e-003,-1.20145664416821e-003
3.31131121482589e+002	2.36159329540350e-003,-1.12713151653106e-003
3.38844156139200e+002	2.41838343555369e-003,-1.04878837573433e-003
3.46736850452529e+002	2.47061041918368e-003,-9.66733418869669e-004
3.54813389233573e+002	2.51795332555306e-003,-8.81310884950580e-004
3.63078054770099e+002	2.56012475905796e-003,-7.92899792628545e-004
3.71535229097170e+002	2.59687543375844e-003,-7.01909890579428e-004
3.80189396320558e+002	2.62799816051905e-003,-6.08776897511619e-004
3.89045144994278e+002	2.65333111079220e-003,-5.13957137428265e-004
3.98107170553494e+002	2.67276025305154e-003,-4.17921700765855e-004
4.07380277804110e+002	2.68622088529440e-003,-3.21150281749436e-004
4.16869383470332e+002	2.69369821845119e-003,-2.24124855480450e-004
4.26579518801589e+002	2.69522699922565e-003,-1.27323364067137e-004
4.36515832240163e+002	2.69089019493174e-003,-3.12135791827938e-005
4.46683592150960e+002	2.68081679536887e-003,6.37527010068023e-005
4.57088189614872e+002	2.66517881590691e-003,1.57144978859240e-004
4.67735141287195e+002	2.64418761024295e-003,2.48558788446372e-004
4.78630092322635e+002	2.61808961964324e-003,3.37619737260535e-004
4.89778819368443e+002	2.58716169725286e-003,4.23986793412030e-004
5.01187233627268e+002	2.55170615107775e-003,5.07354782743496e-004
5.12861383991361e+002	2.51204564780103e-003,5.87456088928943e-004
5.24807460249769e+002	2.46851811235826e-003,6.64061576043135e-004
5.37031796370249e+002	2.42147174612237e-003,7.36980776151415e-004
5.49540873857620e+002	2.37126027078810e-003,8.06061403392366e-004
5.62341325190345e+002	2.31823848682150e-003,8.71188270364941e-004
5.75439937337152e+002	2.26275821585907e-003,9.32281692282465e-004
5.88843655355584e+002	2.20516467680561e-003,9.89295469500144e-004
6.02559586074353e+002	2.14579332653460e-003,1.04221454007302e-003
6.16595001861477e+002	2.08496717878285e-003,1.09105239153366e-003
6.30957344480188e+002	2.02299459958973e-003,1.13584831576486e-003
6.45654229034650e+002	1.96016756478593e-003,1.17666458338755e-003
6.60693448007591e+002	1.89676035473276e-003,1.21358360517749e-003
6.76082975391976e+002	1.83302865373095e-003,1.24670513829886e-003
6.91830970918931e+002	1.76920901612085e-003,1.27614358514912e-003
7.07945784384132e+002	1.70551865785275e-003,1.30202542279973e-003
7.24435960074984e+002	1.64215553093214e-003,1.32448679174219e-003
7.41310241300911e+002	1.57929863832673e-003,1.34367126416102e-003
7.58577575029177e+002	1.51710854834278e-003,1.35972780441368e-003
7.76247116628685e+002	1.45572806983454e-003,1.37280892788952e-003
7.94328234724275e+002	1.39528305262600e-003,1.38306905896158e-003
8.12830516164092e+002	1.33588328095529e-003,1.39066308431083e-003
8.31763771102664e+002	1.27762343139585e-003,1.39574509442479e-003
8.51138038202369e+002	1.22058407039761e-003,1.39846730346386e-003
8.70963589956073e+002	1.16483267019807e-003,1.39897913584571e-003
8.91250938133738e+002	1.11042462528045e-003,1.39742646671408e-003
9.12010839355902e+002	1.05740425473870e-003,1.39395100282426e-003
9.33254300796983e+002	1.00580577880512e-003,1.38868979019323e-003
9.54992586021428e+002	9.55654260384069e-004,1.38177483503365e-003
9.77237220955802e+002	9.06966504709740e-004,1.37333282493362e-003
9.99999999999991e+002	8.59751912212966e-004,1.36348493788686e-003
1.02329299228075e+003	8.14013281357263e-004,1.35234672755786e-003
1.04712854805089e+003	7.69747559608203e-004,1.34002807403328e-003
1.07151930523760e+003	7.26946541857095e-004,1.32663319022241e-003
1.09647819614318e+003	6.85597516556018e-004,1.31226067499294e-003
1.12201845430195e+003	6.45683860562639e-004,1.29700360503892e-003
1.14815362149687e+003	6.07185584265796e-004,1.28094965835595e-003
1.17489755493952e+003	5.70079828990372e-004,1.26418126303195e-003
1.20226443461740e+003	5.34341318985457e-004,1.24677576584094e-003
1.23026877081237e+003	4.99942770502968e-004,1.22880561584667e-003
1.25892541179416e+003	4.66855260593365e-004,1.21033855888099e-003
1.28824955169312e+003	4.35048558296395e-004,1.19143783935760e-003
1.31825673855640e+003	4.04491420902101e-004,1.17216240641666e-003
1.34896288259164e+003	3.75151857912287e-004,1.15256712187312e-003
1.38038426460287e+003	3.46997365255374e-004,1.13270296786321e-003
1.41253754462274e+003	3.19995132206584e-004,1.11261725245475e-003
1.44543977074591e+003	2.94112223347707e-004,1.09235381181118e-003
1.47910838816819e+003	2.69315737771775e-004,1.07195320778007e-003
1.51356124843619e+003	2.45572947602920e-004,1.05145292001979e-003
1.54881661891247e+003	2.22851417763736e-004,1.03088753198557e-003
1.58489319246110e+003	2.01119108784866e-004,1.01028891027352e-003
1.62181009735891e+003	1.80344464316313e-004,9.89686376970219e-004
1.65958690743754e+003	1.60496484868969e-004,9.69106874781375e-004
1.69824365246173e+003	1.41544789189106e-004,9.48575124817175e-004
1.73780082874936e+003	1.23459664549238e-004,9.28113776997782e-004
1.77827941003891e+003	1.06212107125977e-004,9.07743553112476e-004
1.81970085860997e+003	8.97738535300561e-005,8.87483382622045e-004
1.86208713666285e+003	7.41174044552384e-005,8.67350531338328e-004
1.90546071796323e+003	5.92160413218385e-005,8.47360723149026e-004
1.94984459975803e+003	4.50438367063832e-005,8.27528254981502e-004
1.99526231496886e+003	3.15756592719675e-005,8.07866105217674e-004
2.04173794466951e+003	1.87871738431048e-005,7.88386035784362e-004
2.08929613085402e+003	6.65483720481740e-006,7.69098688150672e-004
2.13796208950221e+003	-4.84410985265780e-006,7.50013673467094e-004
2.18776162394953e+003	-1.57316537747784e-005,7.31139657080606e-004
2.23872113856832e+003	-2.60290223477345e-005,7.12484437657089e-004
2.29086765276775e+003	-3.57567012885916e-005,6.94055021137124e-004
2.34422881531990e+003	-4.49344529792607e-005,6.75857689744525e-004
2.39883291901947e+003	-5.35813370365741e-005,6.57898066258924e-004
2.45470891568501e+003	-6.17157324403231e-005,6.40181173755039e-004
2.51188643150955e+003	-6.93553609670821e-005,6.22711491002006e-004
2.57039578276884e+003	-7.65173117002929e-005,6.05493003706809e-004
2.63026799189535e+003	-8.32180664066624e-005,5.88529251776577e-004
2.69153480392689e+003	-8.94735255858366e-005,5.71823372765525e-004
2.75422870333814e+003	-9.52990350146512e-005,5.55378141663914e-004
2.81838293126442e+003	-1.00709412619493e-004,5.39196007178558e-004
2.88403150312658e+003	-1.05718975520526e-004,5.23279124647472e-004
2.95120922666635e+003	-1.10341567100118e-004,5.07629385725178e-004
3.01995172040198e+003	-1.14590583954951e-004,4.92248444970124e-004
3.09029543251356e+003	-1.18479002597240e-004,4.77137743461754e-004
3.16227766016835e+003	-1.22019405775569e-004,4.62298529571865e-004
3.23593656929625e+003	-1.25224008290155e-004,4.47731877013270e-004
3.31131121482588e+003	-1.28104682181297e-004,4.33438700288194e-004
3.38844156139199e+003	-1.30672981173441e-004,4.19419767659434e-004
3.46736850452528e+003	-1.32940164261015e-004,4.05675711768979e-004
3.54813389233572e+003	-1.34917218326087e-004,3.92207038031393e-004
3.63078054770097e+003	-1.36614879682290e-004,3.79014130932836e-004
3.71535229097168e+003	-1.38043654444387e-004,3.66097258370833e-004
3.80189396320557e+003	-1.39213837628608e-004,3.53456574174842e-004
3.89045144994276e+003	-1.40135530895526e-004,3.41092118952939e-004
3.98107170553493e+003	-1.40818658854917e-004,3.29003819415511e-004
4.07380277804108e+003	-1.41272983860836e-004,3.17191486332393e-004
4.16869383470331e+003	-1.41508119235054e-004,3.05654811285231e-004
4.26579518801588e+003	-1.41533540868133e-004,2.94393362381739e-004
4.36515832240161e+003	-1.41358597159611e-004,2.83406579102761e-004
4.46683592150958e+003	-1.40992517272115e-004,2.72693766456272e-004
4.57088189614870e+003	-1.40444417688430e-004,2.62254088614661e-004
4.67735141287193e+003	-1.39723307075653e-004,2.52086562212362e-004
4.78630092322633e+003	-1.38838089476226e-004,2.42190049480170e-004
4.89778819368441e+003	-1.37797565861730e-004,2.32563251390098e-004
5.01187233627267e+003	-1.36610434101567e-004,2.23204700980387e-004
5.12861383991359e+003	-1.35285287414750e-004,2.14112757024043e-004
5.24807460249767e+003	-1.33830611388756e-004,2.05285598196262e-004
5.37031796370247e+003	-1.32254779664360e-004,1.96721217886010e-004
5.49540873857618e+003	-1.30566048399392e-004,1.88417419785220e-004
5.62341325190343e+003	-1.28772549637049e-004,1.80371814375465e-004
5.75439937337150e+003	-1.26882283715551e-004,1.72581816416811e-004
5.88843655355582e+003	-1.24903110865286e-004,1.65044643527082e-004
6.02559586074351e+003	-1.22842742146921e-004,1.57757315922142e-004
6.16595001861475e+003	-1.20708729889156e-004,1.50716657369391e-004
6.30957344480186e+003	-1.18508457787688e-004,1.43919297387770e-004
6.45654229034648e+003	-1.16249130827470e-004,1.37361674708445e-004
6.60693448007588e+003	-1.13937765188559e-004,1.31040041991415e-004
6.76082975391974e+003	-1.11581178291692e-004,1.24950471774843e-004
6.91830970918928e+003	-1.09185979133357e-004,1.19088863616271e-004
7.07945784384129e+003	-1.06758559051670e-004,1.13450952368363e-004
7.24435960074981e+003	-1.04305083054074e-004,1.08032317516719e-004
7.41310241300908e+003	-1.01831481825820e-004,1.02828393493791e-004
7.58577575029174e+003	-9.93434445248806e-005,9.78344808712770e-005
7.76247116628682e+003	-9.68464124543868e-005,9.30457583236969e-005
7.94328234724272e+003	-9.43455736884449e-005,8.84572952482317e-005
8.12830516164089e+003	-9.18458587113644e-005,8.40640649204425e-005
8.31763771102661e+003	-8.93519371143873e-005,7.98609580621530e-005
8.51138038202366e+003	-8.68682153781355e-005,7.58427966965108e-005
8.70963589956070e+003	-8.43988357535393e-005,7.20043481660246e-005
8.91250938133734e+003	-8.19476762392043e-005,6.83403391919752e-005
9.12010839355898e+003	-7.95183516392163e-005,6.48454698579627e-005
9.33254300796979e+003	-7.71142156725496e-005,6.15144274062204e-005
9.54992586021424e+003	-7.47383640935953e-005,5.83418997425348e-005
9.77237220955798e+003	-7.23936387730305e-005,5.53225885538950e-005
9.99999999999987e+003	-7.00826326794294e-005,5.24512219522056e-005
1.02329299228074e+004	-6.78076956946158e-005,4.97225665672011e-005
1.04712854805089e+004	-6.55709411898972e-005,4.71314390219756e-005
1.07151930523759e+004	-6.33742532859096e-005,4.46727167350109e-005
1.09647819614317e+004	-6.12192947158169e-005,4.23413480030802e-005
1.12201845430195e+004	-5.91075152099921e-005,4.01323613297418e-005
1.14815362149687e+004	-5.70401603199147e-005,3.80408739741349e-005
1.17489755493951e+004	-5.50182805998177e-005,3.60620997043583e-005
1.20226443461740e+004	-5.30427410664276e-005,3.41913557486901e-005
1.23026877081237e+004	-5.11142308598273e-005,3.24240689462096e-005
1.25892541179415e+004	-4.92332730319758e-005,3.07557811059802e-005
1.28824955169312e+004	-4.74002343935321e-005,2.91821535907510e-005
1.31825673855639e+004	-4.56153353542269e-005,2.76989711471185e-005
1.34896288259164e+004	-4.38786596970764e-005,2.63021450092849e-005
1.38038426460287e+004	-4.21901642319550e-005,2.49877153078956e-005
1.41253754462274e+004	-4.05496882795095e-005,2.37518528190349e-005
1.44543977074591e+004	-3.89569629418603e-005,2.25908600912681e-005
1.47910838816819e+004	-3.74116201219980e-005,2.15011719907299e-005
1.51356124843619e+004	-3.59132012591502e-005,2.04793557057042e-005
1.54881661891246e+004	-3.44611657525444e-005,1.95221102529670e-005
1.58489319246109e+004	-3.30548990510000e-005,1.86262655284581e-005
1.62181009735891e+004	-3.16937203904288e-005,1.77887809446259e-005
1.65958690743754e+004	-3.03768901657579e-005,1.70067436961627e-005
1.69824365246172e+004	-2.91036169278455e-005,1.62773666948357e-005
1.73780082874935e+004	-2.78730639996881e-005,1.55979862127954e-005
1.77827941003890e+004	-2.66843557096403e-005,1.49660592721703e-005
1.81970085860996e+004	-2.55365832423720e-005,1.43791608169719e-005
1.86208713666284e+004	-2.44288101110215e-005,1.38349807013913e-005
1.90546071796322e+004	-2.33600772563604e-005,1.33313205265169e-005
1.94984459975802e+004	-2.23294077808205e-005,1.28660903553706e-005
1.99526231496885e+004	-2.13358113270043e-005,1.24373053339937e-005
2.04173794466950e+004	-2.03782881117239e-005,1.20430822441370e-005
2.08929613085401e+004	-1.94558326278268e-005,1.16816360109456e-005
2.13796208950220e+004	-1.85674370269847e-005,1.13512761869137e-005
2.18776162394952e+004	-1.77120941973625e-005,1.10504034313278e-005
2.23872113856831e+004	-1.68888005505643e-005,1.07775060024185e-005
2.29086765276774e+004	-1.60965585326052e-005,1.05311562775566e-005
2.34422881531989e+004	-1.53343788738136e-005,1.03100073150169e-005
2.39883291901946e+004	-1.46012825925843e-005,1.01127894691307e-005
2.45470891568500e+004	-1.38963027677948e-005,9.93830706905577e-006
2.51188643150954e+004	-1.32184860945055e-005,9.78543516990528e-006
2.57039578276883e+004	-1.25668942372348e-005,9.65311638359760e-006
2.63026799189534e+004	-1.19406049947371e-005,9.54035779552328e-006
2.69153480392688e+004	-1.13387132897735e-005,9.44622797195909e-006
2.75422870333813e+004	-1.07603319968524e-005,9.36985406210362e-006
2.81838293126441e+004	-1.02045926204180e-005,9.31041899764861e-006
2.88403150312656e+004	-9.67064583537251e-006,9.26715879193312e-006
2.95120922666634e+004	-9.15766190128378e-006,9.23935993996138e-006
3.01995172040197e+004	-8.66483096098219e-006,9.22635691986687e-006
3.09029543251354e+004	-8.19136323371694e-006,9.22752979580651e-006
3.16227766016833e+004	-7.73648911240799e-006,9.24230192172851e-006
3.23593656929623e+004	-7.29945917394617e-006,9.27013774499453e-006
3.31131121482586e+004	-6.87954411094680e-006,9.31054070843955e-006
3.38844156139197e+004	-6.47603459274293e-006,9.36305124910205e-006
3.46736850452526e+004	-6.08824106291787e-006,9.42724489157695e-006
3.54813389233570e+004	-5.71549348009355e-006,9.50273043369709e-006
3.63078054770096e+004	-5.35714100821351e-006,9.58914822205507e-006
3.71535229097167e+004	-5.01255166205684e-006,9.68616851471896e-006
3.80189396320555e+004	-4.68111191325760e-006,9.79348992837434e-006
3.89045144994275e+004	-4.36222626166260e-006,9.91083796703337e-006
3.98107170553491e+004	-4.05531677641096e-006,1.00379636293922e-005
4.07380277804107e+004	-3.75982261078923e-006,1.01746420918745e-005
4.16869383470329e+004	-3.47519949444667e-006,1.03206714643888e-005
4.26579518801586e+004	-3.20091920628255e-006,1.04758716158246e-005
4.36515832240159e+004	-2.93646903093278e-006,1.06400830663328e-005
4.46683592150956e+004	-2.68135120150428e-006,1.08131659434662e-005
4.57088189614868e+004	-2.43508233088857e-006,1.09949989993012e-005
4.67735141287191e+004	-2.19719283373461e-006,1.11854786857139e-005
4.78630092322631e+004	-1.96722634089082e-006,1.13845182850408e-005
4.89778819368439e+004	-1.74473910790164e-006,1.15920470934287e-005
5.01187233627264e+004	-1.52929941891574e-006,1.18080096542451e-005
5.12861383991357e+004	-1.32048698716416e-006,1.20323650389945e-005
5.24807460249764e+004	-1.11789235296502e-006,1.22650861732694e-005
5.37031796370244e+004	-9.21116280058542e-007,1.25061592053389e-005
5.49540873857616e+004	-7.29769150878317e-007,1.27555829150623e-005
5.62341325190340e+004	-5.43470361244860e-007,1.30133681608882e-005
5.75439937337148e+004	-3.61847714799851e-007,1.32795373627883e-005
5.88843655355580e+004	-1.84536817392343e-007,1.35541240190416e-005
6.02559586074348e+004	-1.11804714739167e-008,1.38371722548698e-005
6.16595001861472e+004	1.58571929519249e-007,1.41287364009904e-005
6.30957344480183e+004	3.25065006958806e-007,1.44288806002265e-005
6.45654229034645e+004	4.88638003227246e-007,1.47376784403846e-005
6.60693448007586e+004	6.49625388681646e-007,1.50552126116590e-005
6.76082975391971e+004	8.08357469808111e-007,1.53815745869046e-005
6.91830970918925e+004	9.65160999078930e-007,1.57168643231484e-005
7.07945784384127e+004	1.12035978711513e-006,1.60611899827809e-005
7.24435960074979e+004	1.27427531782912e-006,1.64146676729118e-005
7.41310241300906e+004	1.42722736728814e-006,1.67774212013912e-005
7.58577575029172e+004	1.57953462713455e-006,1.71495818480792e-005
7.76247116628679e+004	1.73151533344734e-006,1.75312881499306e-005
7.94328234724269e+004	1.88348790199939e-006,1.79226856985136e-005
8.12830516164086e+004	2.03577157096774e-006,1.83239269485922e-005
8.31763771102658e+004	2.18868705216758e-006,1.87351710364164e-005
8.51138038202363e+004	2.34255719200592e-006,1.91565836063658e-005
8.70963589956067e+004	2.49770764337289e-006,1.95883366445980e-005
8.91250938133731e+004	2.65446754980940e-006,2.00306083183401e-005
9.12010839355895e+004	2.81317024330338e-006,2.04835828194447e-005
9.33254300796976e+004	2.97415395721277e-006,2.09474502108216e-005
9.54992586021420e+004	3.13776255581954e-006,2.14224062742941e-005
9.77237220955795e+004	3.30434628215888e-006,2.19086523584258e-005
9.99999999999984e+004	3.47426252581255e-006,2.24063952247765e-005
1.02329299228074e+005	3.64787661247029e-006,2.29158468910060e-005
1.04712854805088e+005	3.82556261712996e-006,2.34372244691609e-005
1.07151930523759e+005	4.00770420292905e-006,2.39707499973871e-005
1.09647819614317e+005	4.19469548768670e-006,2.45166502632321e-005
1.12201845430195e+005	4.38694194033532e-006,2.50751566165510e-005
1.14815362149686e+005	4.58486130956965e-006,2.56465047699299e-005
1.17489755493951e+005	4.78888458710190e-006,2.62309345843747e-005
1.20226443461739e+005	4.99945700808805e-006,2.68286898378435e-005
1.23026877081236e+005	5.21703909139919e-006,2.74400179740172e-005
1.25892541179415e+005	5.44210772254584e-006,2.80651698284792e-005
1.28824955169311e+005	5.67515728221054e-006,2.87043993292419e-005
1.31825673855639e+005	5.91670082350720e-006,2.93579631682823e-005
1.34896288259163e+005	6.16727130122420e-006,3.00261204404517e-005
1.38038426460286e+005	6.42742285647543e-006,3.07091322457807e-005
1.41253754462273e+005	6.69773216037586e-006,3.14072612508324e-005
1.44543977074590e+005	6.97879982049038e-006,3.21207712043324e-005
1.47910838816818e+005	7.27125185403258e-006,3.28499264018368e-005
1.51356124843618e+005	7.57574123193316e-006,3.35949910936770e-005
1.54881661891246e+005	7.89294949810906e-006,3.43562288298471e-005
1.58489319246109e+005	8.22358846843750e-006,3.51339017348407e-005
1.62181009735890e+005	8.56840201412459e-006,3.59282697047391e-005
1.65958690743753e+005	8.92816793434297e-006,3.67395895180430e-005
1.69824365246172e+005	9.30369992317636e-006,3.75681138508483e-005
1.73780082874935e+005	9.69584963606485e-006,3.84140901859895e-005
1.77827941003889e+005	1.01055088610901e-005,3.92777596046535e-005
1.81970085860995e+005	1.05336118005485e-005,4.01593554477539e-005
1.86208713666284e+005	1.09811374683326e-005,4.10591018329957e-005
1.90546071796322e+005	1.14491122086944e-005,4.19772120120295e-005
1.94984459975801e+005	1.19386123419152e-005,4.29138865504399e-005
1.99526231496885e+005	1.24507669423454e-005,4.38693113114105e-005
2.04173794466949e+005	1.29867607540806e-005,4.48436552218592e-005
2.08929613085400e+005	1.35478372492507e-005,4.58370677975270e-005
2.13796208950220e+005	1.41353018334861e-005,4.68496764009387e-005
2.18776162394952e+005	1.47505252025371e-005,4.78815832033422e-005
2.23872113856830e+005	1.53949468532259e-005,4.89328618185760e-005
2.29086765276773e+005	1.60700787509020e-005,5.00035535733781e-005
2.34422881531988e+005	1.67775091542282e-005,5.10936633747813e-005
2.39883291901945e+005	1.75189065964791e-005,5.22031551310492e-005
2.45470891568499e+005	1.82960240204169e-005,5.33319466779288e-005
2.51188643150954e+005	1.91107030612186e-005,5.44799041568968e-005
2.57039578276882e+005	1.99648784687369e-005,5.56468357864467e-005
2.63026799189534e+005	2.08605826564301e-005,5.68324849613517e-005
2.69153480392687e+005	2.17999503595487e-005,5.80365226081320e-005
2.75422870333812e+005	2.27852233793435e-005,5.92585387176970e-005
2.81838293126440e+005	2.38187553831093e-005,6.04980329682855e-005
2.88403150312656e+005	2.49030167214316e-005,6.17544043433773e-005
2.95120922666633e+005	2.60405992139652e-005,6.30269396402538e-005
3.01995172040196e+005	2.72342208430260e-005,6.43148007553081e-005
3.09029543251354e+005	2.84867302799477e-005,6.56170106222316e-005
3.16227766016832e+005	2.98011111521531e-005,6.69324376688182e-005
3.23593656929623e+005	3.11804859387487e-005,6.82597786475917e-005
3.31131121482585e+005	3.26281193586971e-005,6.95975396849777e-005
3.38844156139197e+005	3.41474210876438e-005,7.09440153836187e-005
3.46736850452526e+005	3.57419476067194e-005,7.22972658031341e-005
3.54813389233569e+005	3.74154029482942e-005,7.36550911367379e-005
3.63078054770095e+005	3.91716380590600e-005,7.50150038953676e-005
3.71535229097166e+005	4.10146484490992e-005,7.63741984083817e-005
3.80189396320555e+005	4.29485697358661e-005,7.77295174516573e-005
3.89045144994274e+005	4.49776706234994e-005,7.90774158216879e-005
3.98107170553490e+005	4.71063427795745e-005,8.04139206899704e-005
4.07380277804106e+005	4.93390869827977e-005,8.17345885981193e-005
4.16869383470328e+005	5.16804948153495e-005,8.30344589937239e-005
4.26579518801585e+005	5.41352250626242e-005,8.43080042636631e-005
4.36515832240158e+005	5.67079738609020e-005,8.55490762999005e-005
4.46683592150955e+005	5.94034375010987e-005,8.67508497379069e-005
4.57088189614867e+005	6.22262666557308e-005,8.79057621460610e-005
4.67735141287190e+005	6.51810106499575e-005,8.90054516227314e-005
4.78630092322630e+005	6.82720502506708e-005,9.00406924843755e-005
4.89778819368438e+005	7.15035173074567e-005,9.10013300117518e-005
5.01187233627263e+005	7.48791994558726e-005,9.18762155716256e-005
5.12861383991356e+005	7.84024280008999e-005,9.26531438577413e-005
5.24807460249763e+005	8.20759470549899e-005,9.33187945061662e-005
5.37031796370243e+005	8.59017620350098e-005,9.38586809435729e-005
5.49540873857615e+005	8.98809657555616e-005,9.42571100263260e-005
5.62341325190339e+005	9.40135406303406e-005,9.44971568218661e-005
5.75439937337147e+005	9.82981359522778e-005,9.45606597615696e-005
5.88843655355579e+005	1.02731819919189e-004,9.44282423343061e-005
6.02559586074347e+005	1.07309807060414e-004,9.40793684536680e-005
6.16595001861471e+005	1.12025163060803e-004,9.34924395600292e-005
6.30957344480182e+005	1.16868490726693e-004,9.26449423248916e-005
6.45654229034644e+005	1.21827603038676e-004,9.15136563921117e-005
6.60693448007584e+005	1.26887191909613e-004,9.00749317664674e-005
6.76082975391970e+005	1.32028504397147e-004,8.83050450576514e-005
6.91830970918924e+005	1.37229041634595e-004,8.61806425898346e-005
7.07945784384125e+005	1.42462299492355e-004,8.36792761583583e-005
7.24435960074977e+005	1.47697573713727e-004,8.07800337251565e-005
7.41310241300904e+005	1.52899855620221e-004,7.74642624021307e-005
7.58577575029170e+005	1.58029846964493e-004,7.37163745732097e-005
7.76247116628678e+005	1.63044123526468e-004,6.95247199946512e-005
7.94328234724267e+005	1.67895475928625e-004,6.48824974454347e-005
8.12830516164085e+005	1.72533452216192e-004,5.97886695043979e-005
8.31763771102656e+005	1.76905119438362e-004,5.42488341496934e-005
8.51138038202361e+005	1.80956050454468e-004,4.82759982606440e-005
8.70963589956065e+005	1.84631527552245e-004,4.18911921483602e-005
8.91250938133729e+005	1.87877936827397e-004,3.51238624466640e-005
9.12010839355893e+005	1.90644307895191e-004,2.80119844325711e-005
9.33254300796974e+005	1.92883934275184e-004,2.06018450819857e-005
9.54992586021419e+005	1.94555993087988e-004,1.29474651596663e-005
9.77237220955793e+005	1.95627071101588e-004,5.10965169942322e-006
9.99999999999982e+005	1.96072500016263e-004,-2.84530040625444e-006
1.02329299228074e+006	1.95877408836626e-004,-1.08472100503469e-005
1.04712854805088e+006	1.95037415775559e-004,-1.88238400100784e-005
1.07151930523759e+006	1.93558905504628e-004,-2.67028589436146e-005
1.09647819614316e+006	1.91458867449229e-004,-3.44138253480864e-005
1.12201845430194e+006	1.88764303852956e-004,-4.18900805458468e-005
1.14815362149686e+006	1.85511248565684e-004,-4.90704456707259e-005
1.17489755493951e+006	1.81743465113351e-004,-5.59006353622948e-005
1.20226443461739e+006	1.77510912521164e-004,-6.23343259949038e-005
1.23026877081236e+006	1.72868077772454e-004,-6.83338454135601e-005
1.25892541179414e+006	1.67872274338438e-004,-7.38704806835488e-005
1.28824955169311e+006	1.62581997922552e-004,-7.89244269800047e-005
1.31825673855638e+006	1.57055415474090e-004,-8.34844219595588e-005
1.34896288259163e+006	1.51349044246136e-004,-8.75471243510864e-005
1.38038426460286e+006	1.45516656881011e-004,-9.11163027601706e-005
1.41253754462273e+006	1.39608428548122e-004,-9.42019014087199e-005
1.44543977074590e+006	1.33670324787942e-004,-9.68190449791957e-005
1.47910838816818e+006	1.27743714992831e-004,-9.89870364679821e-005
1.51356124843618e+006	1.21865186782142e-004,-1.00728391576006e-004
1.54881661891245e+006	1.16066530772516e-004,-1.02067942091517e-004
1.58489319246108e+006	1.10374862902531e-004,-1.03032030062243e-004
1.62181009735890e+006	1.04812851841462e-004,-1.03647805070767e-004
1.65958690743753e+006	9.93990213332503e-005,-1.03942629047833e-004
1.69824365246171e+006	9.41481008816361e-005,-1.03943586936071e-004
1.73780082874934e+006	8.90714023606720e-005,-1.03677097101129e-004
1.77827941003889e+006	8.41772044612105e-005,-1.03168612496511e-004
1.81970085860995e+006	7.94711310210317e-005,-1.02442401970694e-004
1.86208713666283e+006	7.49565130189187e-005,-1.01521400487750e-004
1.90546071796321e+006	7.06347272274983e-005,-1.00427117153336e-004
1.94984459975801e+006	6.65055071774537e-005,-9.91795905654134e-005
1.99526231496884e+006	6.25672242012653e-005,-9.77973819515884e-005
2.04173794466949e+006	5.88171379445216e-005,-9.62975976628190e-005
2.08929613085400e+006	5.52516169219909e-005,-9.46959337547101e-005
2.13796208950219e+006	5.18663305240542e-005,-9.30067365256849e-005
2.18776162394951e+006	4.86564144164595e-005,-9.12430739452898e-005
2.23872113856830e+006	4.56166115861528e-005,-8.94168138668327e-005
2.29086765276773e+006	4.27413914241358e-005,-8.75387057626157e-005
2.34422881531988e+006	4.00250492483413e-005,-8.56184634455750e-005
2.39883291901944e+006	3.74617885951328e-005,-8.36648468515252e-005
2.45470891568498e+006	3.50457884749549e-005,-8.16857414620121e-005
2.51188643150953e+006	3.27712576210733e-005,-7.96882343588533e-005
2.57039578276881e+006	3.06324775750461e-005,-7.76786862314392e-005
2.63026799189533e+006	2.86238362632246e-005,-7.56627989173813e-005
2.69153480392686e+006	2.67398535318003e-005,-7.36456782586327e-005
2.75422870333811e+006	2.49751999306155e-005,-7.16318922081935e-005
2.81838293126440e+006	2.33247098711469e-005,-6.96255242362754e-005
2.88403150312655e+006	2.17833901336741e-005,-6.76302221670224e-005
2.95120922666633e+006	2.03464245632748e-005,-6.56492426341412e-005
3.01995172040196e+006	1.90091756740041e-005,-6.36854913815281e-005
3.09029543251353e+006	1.77671837748346e-005,-6.17415596576344e-005
3.16227766016832e+006	1.66161641381130e-005,-5.98197569638183e-005
3.23593656929622e+006	1.55520026513362e-005,-5.79221404197556e-005
3.31131121482585e+006	1.45707503236216e-005,-5.60505410059911e-005
3.38844156139196e+006	1.36686169587001e-005,-5.42065869363746e-005
3.46736850452525e+006	1.28419642557256e-005,-5.23917244029149e-005
3.54813389233568e+006	1.20872985554614e-005,-5.06072359238119e-005
3.63078054770094e+006	1.14012634127334e-005,-4.88542565125850e-005
3.71535229097165e+006	1.07806321444832e-005,-4.71337878731508e-005
3.80189396320554e+006	1.02223004762071e-005,-4.54467108126575e-005
3.89045144994273e+006	9.72327938668061e-006,-4.37937960513050e-005
3.98107170553489e+006	9.28068823149623e-006,-4.21757135963025e-005
4.07380277804105e+006	8.89174820929822e-006,-4.05930408357098e-005
4.16869383470327e+006	8.55377622023403e-006,-3.90462694971998e-005
4.26579518801584e+006	8.26417915362987e-006,-3.75358116067613e-005
4.36515832240157e+006	8.02044863102620e-006,-3.60620045729674e-005
4.46683592150954e+006	7.82015622118337e-006,-3.46251155135888e-005
4.57088189614866e+006	7.66094913507475e-006,-3.32253449330377e-005
4.67735141287189e+006	7.54054640132330e-006,-3.18628298512009e-005
4.78630092322629e+006	7.45673551577686e-006,-3.05376464766339e-005
4.89778819368436e+006	7.40736955285714e-006,-2.92498125097451e-005
5.01187233627262e+006	7.39036472076309e-006,-2.79992891544878e-005
5.12861383991355e+006	7.40369833788362e-006,-2.67859829100355e-005
5.24807460249762e+006	7.44540720355704e-006,-2.56097472069815e-005
5.37031796370242e+006	7.51358633250872e-006,-2.44703839457932e-005
5.49540873857613e+006	7.60638801941005e-006,-2.33676449883974e-005
5.62341325190338e+006	7.72202119746371e-006,-2.23012336470536e-005
5.75439937337145e+006	7.85875105309339e-006,-2.12708062080160e-005
5.88843655355577e+006	8.01489885767180e-006,-2.02759735209075e-005
6.02559586074345e+006	8.18884197652871e-006,-1.93163026783866e-005
6.16595001861470e+006	8.37901401566006e-006,-1.83913188044669e-005
6.30957344480180e+006	8.58390506715879e-006,-1.75005069639397e-005
6.45654229034642e+006	8.80206201563437e-006,-1.66433141997851e-005
6.60693448007582e+006	9.03208886963904e-006,-1.58191517002557e-005
6.76082975391968e+006	9.27264708450297e-006,-1.50273970925293e-005
6.91830970918922e+006	9.52245584562372e-006,-1.42673968555711e-005
7.07945784384123e+006	9.78029228430194e-006,-1.35384688411661e-005
7.24435960074975e+006	1.00449916017399e-005,-1.28399048887951e-005
7.41310241300902e+006	1.03154470802489e-005,-1.21709735175675e-005
7.58577575029168e+006	1.05906099645551e-005,-1.15309226763281e-005
7.76247116628676e+006	1.08694891997852e-005,-1.09189825317061e-005
7.94328234724265e+006	1.11511510165480e-005,-1.03343682729689e-005
8.12830516164082e+006	1.14347183570748e-005,-9.77628291230009e-006
8.31763771102654e+006	1.17193701399532e-005,-9.24392005922915e-006
8.51138038202359e+006	1.20043403641464e-005,-8.73646664867887e-006
8.70963589956062e+006	1.22889170560407e-005,-8.25310560304856e-006
8.91250938133727e+006	1.25724410658969e-005,-7.79301841014600e-006
9.12010839355890e+006	1.28543047223510e-005,-7.35538760049739e-006
9.33254300796971e+006	1.31339503556613e-005,-6.93939910930936e-006
9.54992586021416e+006	1.34108687018931e-005,-6.54424451049580e-006
9.77237220955790e+006	1.36845972015227e-005,-6.16912311218698e-006
9.99999999999979e+006	1.39547182067715e-005,-5.81324390538718e-006
1.02329299228073e+007	1.42208571125630e-005,-5.47582735944797e-006
1.04712854805088e+007	1.44826804261711e-005,-5.15610706023301e-006
1.07151930523758e+007	1.47398937905936e-005,-4.85333118876448e-006
1.09647819614316e+007	1.49922399763893e-005,-4.56676383996017e-006
1.12201845430194e+007	1.52394968561570e-005,-4.29568618287557e-006
1.14815362149686e+007	1.54814753751604e-005,-4.03939746527906e-006
1.17489755493950e+007	1.57180175307040e-005,-3.79721586691001e-006
1.20226443461739e+007	1.59489943719581e-005,-3.56847920670015e-006
1.23026877081236e+007	1.61743040308075e-005,-3.35254551051132e-006
1.25892541179414e+007	1.63938697932505e-005,-3.14879344647572e-006
1.28824955169311e+007	1.66076382197111e-005,-2.95662263586406e-006
1.31825673855638e+007	1.68155773215080e-005,-2.77545384772093e-006
1.34896288259162e+007	1.70176747996108e-005,-2.60472908585560e-006
1.38038426460286e+007	1.72139363507177e-005,-2.44391157702145e-006
1.41253754462272e+007	1.74043840446889e-005,-2.29248566893107e-006
1.44543977074590e+007	1.75890547763463e-005,-2.14995664707402e-006
1.47910838816818e+007	1.77679987938276e-005,-2.01585047854906e-006
1.51356124843618e+007	1.79412783047547e-005,-1.88971349157460e-006
1.54881661891245e+007	1.81089661608207e-005,-1.77111199835174e-006
1.58489319246108e+007	1.82711446206426e-005,-1.65963186916701e-006
1.62181009735889e+007	1.84279041902121e-005,-1.55487806462921e-006
1.65958690743752e+007	1.85793425396697e-005,-1.45647413314306e-006
1.69824365246171e+007	1.87255634947706e-005,-1.36406167962103e-006
1.73780082874934e+007	1.88666761009638e-005,-1.27729981149394e-006
1.77827941003888e+007	1.90027937577446e-005,-1.19586456719999e-006
1.81970085860994e+007	1.91340334206631e-005,-1.11944833218142e-006
1.86208713666283e+007	1.92605148681883e-005,-1.04775924676799e-006
1.90546071796321e+007	1.93823600304912e-005,-9.80520609930462e-007
1.94984459975800e+007	1.94996923771015e-005,-9.17470282464037e-007
1.99526231496884e+007	1.96126363603387e-005,-8.58360092819033e-007
2.04173794466948e+007	1.97213169114032e-005,-8.02955248233337e-007
2.08929613085399e+007	1.98258589860094e-005,-7.51033753773926e-007
2.13796208950219e+007	1.99263871564916e-005,-7.02385841121679e-007
2.18776162394950e+007	2.00230252473555e-005,-6.56813409145350e-007
2.23872113856829e+007	2.01158960113410e-005,-6.14129477476194e-007
2.29086765276772e+007	2.02051208431273e-005,-5.74157654525603e-007
2.34422881531987e+007	2.02908195279459e-005,-5.36731620846497e-007
2.39883291901944e+007	2.03731100224417e-005,-5.01694628586850e-007
2.45470891568498e+007	2.04521082652699e-005,-4.68899017687170e-007
2.51188643150952e+007	2.05279280150235e-005,-4.38205749180605e-007
2.57039578276881e+007	2.06006807132092e-005,-4.09483955881765e-007
2.63026799189532e+007	2.06704753701254e-005,-3.82610510589684e-007
2.69153480392686e+007	2.07374184716123e-005,-3.57469611762059e-007
2.75422870333811e+007	2.08016139047667e-005,-3.33952386686588e-007
2.81838293126439e+007	2.08631629008500e-005,-3.11956511807801e-007
2.88403150312654e+007	2.09221639937138e-005,-2.91385850095706e-007
2.95120922666632e+007	2.09787129922010e-005,-2.72150105041975e-007
3.01995172040195e+007	2.10329029650815e-005,-2.54164490925289e-007
3.09029543251352e+007	2.10848242371865e-005,-2.37349419008025e-007
3.16227766016831e+007	2.11345643955138e-005,-2.21630199055048e-007
3.23593656929621e+007	2.11822083041574e-005,-2.06936755925311e-007
3.31131121482584e+007	2.12278381270282e-005,-1.93203360428399e-007
3.38844156139195e+007	2.12715333573936e-005,-1.80368374217830e-007
3.46736850452524e+007	2.13133708533598e-005,-1.68374008184223e-007
3.54813389233568e+007	2.13534248784943e-005,-1.57166093469364e-007
3.63078054770093e+007	2.13917671468534e-005,-1.46693865027942e-007
3.71535229097164e+007	2.14284668717443e-005,-1.36909756964619e-007
3.80189396320553e+007	2.14635908176190e-005,-1.27769209109805e-007
3.89045144994272e+007	2.14972033545515e-005,-1.19230484563638e-007
3.98107170553488e+007	2.15293665147980e-005,-1.11254497295622e-007
4.07380277804104e+007	2.15601400509999e-005,-1.03804649630816e-007
4.16869383470326e+007	2.15895814956204e-005,-9.68466792108289e-008
4.26579518801583e+007	2.16177462212637e-005,-9.03485145858674e-008
4.36515832240156e+007	2.16446875015472e-005,-8.42801393039384e-008
4.46683592150953e+007	2.16704565722474e-005,-7.86134640646169e-008
4.57088189614865e+007	2.16951026924625e-005,-7.33222062272884e-008
4.67735141287188e+007	2.17186732055694e-005,-6.83817767029180e-008
4.78630092322628e+007	2.17412135997764e-005,-6.37691734621290e-008
4.89778819368435e+007	2.17627675681029e-005,-5.94628814935359e-008
5.01187233627261e+007	2.17833770676340e-005,-5.54427788432249e-008
5.12861383991353e+007	2.18030823779214e-005,-5.16900482673912e-008
5.24807460249761e+007	2.18219221584199e-005,-4.81870943888071e-008
5.37031796370241e+007	2.18399335048664e-005,-4.49174658546730e-008
5.49540873857612e+007	2.18571520045194e-005,-4.18657823678778e-008
5.62341325190336e+007	2.18736117902033e-005,-3.90176661754613e-008
5.75439937337144e+007	2.18893455930887e-005,-3.63596776851614e-008
5.88843655355576e+007	2.19043847941848e-005,-3.38792554448879e-008
6.02559586074344e+007	2.19187594744968e-005,-3.15646594606921e-008
6.16595001861468e+007	2.19324984638351e-005,-2.94049183186489e-008
6.30957344480179e+007	2.19456293882570e-005,-2.73897796199490e-008
6.45654229034641e+007	2.19581787161320e-005,-2.55096633804318e-008
6.60693448007581e+007	2.19701718028291e-005,-2.37556186497887e-008
6.76082975391967e+007	2.19816329340323e-005,-2.21192825294112e-008
6.91830970918921e+007	2.19925853676852e-005,-2.05928421285548e-008
7.07945784384122e+007	2.20030513745838e-005,-1.91689988056258e-008
7.24435960074974e+007	2.20130522776308e-005,-1.78409345606370e-008
7.41310241300901e+007	2.20226084897668e-005,-1.66022807511497e-008
7.58577575029167e+007	2.20317395506034e-005,-1.54470889496459e-008
7.76247116628674e+007	2.20404641617828e-005,-1.43698031890081e-008
7.94328234724264e+007	2.20488002210845e-005,-1.33652345854068e-008
8.12830516164081e+007	2.20567648553121e-005,-1.24285370378364e-008
8.31763771102652e+007	2.20643744519804e-005,-1.15551850409886e-008
8.51138038202357e+007	2.20716446898441e-005,-1.07409524716296e-008
8.70963589956061e+007	2.20785905682839e-005,-9.98189298428388e-009
8.91250938133725e+007	2.20852264355918e-005,-9.27432164874011e-009
9.12010839355889e+007	2.20915660161826e-005,-8.61479776479726e-009
9.33254300796970e+007	2.20976224367602e-005,-8.00010876153023e-009
9.54992586021414e+007	2.21034082514741e-005,-7.42725527544938e-009
9.77237220955788e+007	2.21089354660951e-005,-6.89343692612101e-009
9.99999999999977e+007	2.21142155612426e-005,-6.39603935640261e-009
1.02329299228073e+008	2.21192595146897e-005,-5.93262199772737e-009
1.04712854805088e+008	2.21240778227855e-005,-5.50090625602782e-009
1.07151930523758e+008	2.21286805210137e-005,-5.09876532769324e-009
1.09647819614316e+008	2.21330772037263e-005,-4.72421370542242e-009
1.12201845430194e+008	2.21372770430746e-005,-4.37539817057012e-009
1.14815362149686e+008	2.21412888071701e-005,-4.05058885187897e-009
1.17489755493950e+008	2.21451208775010e-005,-3.74817095796435e-009
1.20226443461738e+008	2.21487812656329e-005,-3.46663764484265e-009
1.23026877081235e+008	2.21522776292167e-005,-3.20458222270259e-009
1.25892541179414e+008	2.21556172873337e-005,-2.96069196159622e-009
1.28824955169310e+008	2.21588072352024e-005,-2.73374167137237e-009
1.31825673855638e+008	2.21618541582676e-005,-2.52258795752652e-009
1.34896288259162e+008	2.21647644456969e-005,-2.32616379389357e-009
1.38038426460285e+008	2.21675442033136e-005,-2.14347348681715e-009
1.41253754462272e+008	2.21701992659781e-005,-1.97358770800894e-009
1.44543977074589e+008	2.21727352094451e-005,-1.81563947212296e-009
1.47910838816817e+008	2.21751573617204e-005,-1.66881967498437e-009
1.51356124843617e+008	2.21774708139278e-005,-1.53237327071344e-009
1.54881661891244e+008	2.21796804307175e-005,-1.40559607008303e-009
1.58489319246108e+008	2.21817908602218e-005,-1.28783067930700e-009
1.62181009735889e+008	2.21838065435896e-005,-1.17846385928475e-009
1.65958690743752e+008	2.21857317241074e-005,-1.07692362718892e-009
1.69824365246170e+008	2.21875704559257e-005,-9.82676286110216e-010
1.73780082874933e+008	2.21893266124109e-005,-8.95223835852510e-010
1.77827941003888e+008	2.21910038941340e-005,-8.14101852901516e-010
1.81970085860994e+008	2.21926058365117e-005,-7.38877029464341e-010
1.86208713666282e+008	2.21941358171193e-005,-6.69145159980939e-010
1.90546071796320e+008	2.21955970626798e-005,-6.04529299101403e-010
1.94984459975800e+008	2.21969926557526e-005,-5.44677715698285e-010
1.99526231496883e+008	2.21983255411280e-005,-4.89262466801707e-010
2.04173794466948e+008	2.21995985319436e-005,-4.37977684481386e-010
2.08929613085399e+008	2.22008143155309e-005,-3.90538034347295e-010
2.13796208950218e+008	2.22019754590069e-005,-3.46677505281852e-010
2.18776162394950e+008	2.22030844146203e-005,-3.06147991039459e-010
2.23872113856829e+008	2.22041435248626e-005,-2.68718123888525e-010
2.29086765276772e+008	2.22051550273545e-005,-2.34172154809586e-010
2.34422881531987e+008	2.22061210595151e-005,-2.02309108135423e-010
2.39883291901943e+008	2.22070436630291e-005,-1.72941272932058e-010
2.45470891568497e+008	2.22079247881133e-005,-1.45893891990438e-010
2.51188643150952e+008	2.22087662975973e-005,-1.21003978757462e-010
2.57039578276880e+008	2.22095699708212e-005,-9.81195906622177e-011
2.63026799189532e+008	2.22103375073631e-005,-7.70990220678722e-011
2.69153480392685e+008	2.22110705306019e-005,-5.78105130708334e-011
2.75422870333810e+008	2.22117705911179e-005,-4.01306716075304e-011
2.81838293126439e+008	2.22124391699489e-005,-2.39451377032478e-011
2.88403150312654e+008	2.22130776816968e-005,-9.14702211917953e-012
2.95120922666631e+008	2.22136874774996e-005,4.36328470415723e-012
3.01995172040194e+008	2.22142698478685e-005,1.66784019478216e-011
3.09029543251351e+008	2.22148260254010e-005,2.78848815308918e-011
3.16227766016830e+008	2.22153571873728e-005,3.80633676115119e-011
3.23593656929620e+008	2.22158644582135e-005,4.72884609621065e-011
3.31131121482583e+008	2.22163489118727e-005,5.56302897658836e-011
3.38844156139194e+008	2.22168115740826e-005,6.31537227514654e-011
3.46736850452523e+008	2.22172534245148e-005,6.99193588242964e-011
3.54813389233567e+008	2.22176753988461e-005,7.59836285907247e-011
3.63078054770092e+008	2.22180783907302e-005,8.13990090127439e-011
3.71535229097163e+008	2.22184632536796e-005,8.62143525576776e-011
3.80189396320552e+008	2.22188308028663e-005,9.04749987964373e-011
3.89045144994271e+008	2.22191818168413e-005,9.42235362350781e-011
3.98107170553487e+008	2.22195170391754e-005,9.74989489254104e-011
4.07380277804103e+008	2.22198371800304e-005,1.00338415345027e-010
4.16869383470325e+008	2.22201429176553e-005,1.02775294061978e-010
4.26579518801582e+008	2.22204348998206e-005,1.04842030203229e-010
4.36515832240155e+008	2.22207137451837e-005,1.06567317018843e-010
4.46683592150952e+008	2.22209800445966e-005,1.07979113298967e-010
4.57088189614864e+008	2.22212343623545e-005,1.09102517279151e-010
4.67735141287186e+008	2.22214772373872e-005,1.09961497864788e-010
4.78630092322626e+008	2.22217091843977e-005,1.10577816948920e-010
4.89778819368434e+008	2.22219306949503e-005,1.10971943601592e-010
5.01187233627260e+008	2.22221422385101e-005,1.11162760528820e-010
5.12861383991352e+008	2.22223442634345e-005,1.11168196777713e-010
5.24807460249759e+008	2.22225371979225e-005,1.11003986922566e-010
5.37031796370239e+008	2.22227214509187e-005,1.10685757672482e-010
5.49540873857610e+008	2.22228974129796e-005,1.10227241615554e-010
5.62341325190335e+008	2.22230654570990e-005,1.09641552517502e-010
5.75439937337142e+008	2.22232259394972e-005,1.08941122093044e-010
5.88843655355574e+008	2.22233792003753e-005,1.08136565224768e-010
6.02559586074342e+008	2.22235255646335e-005,1.07238607855590e-010
6.16595001861466e+008	2.22236653425604e-005,1.06256676982738e-010
6.30957344480177e+008	2.22237988304895e-005,1.05199753794130e-010
6.45654229034639e+008	2.22239263114248e-005,1.04075756338836e-010
6.60693448007579e+008	2.22240480556416e-005,1.02893052536707e-010
6.76082975391964e+008	2.22241643212592e-005,1.01657836045996e-010
6.91830970918918e+008	2.22242753547844e-005,1.00376566735847e-010
7.07945784384120e+008	2.22243813916369e-005,9.90560080653761e-011
7.24435960074971e+008	2.22244826566465e-005,9.77011281863805e-011
7.41310241300898e+008	2.22245793645282e-005,9.63167326925933e-011
7.58577575029164e+008	2.22246717203381e-005,9.49081616877295e-011
7.76247116628671e+008	2.22247599199084e-005,9.34789175202723e-011
7.94328234724261e+008	2.22248441502598e-005,9.20337583462738e-011
8.12830516164078e+008	2.22249245900002e-005,9.05756553436622e-011
8.31763771102649e+008	2.22250014097019e-005,8.91083493921936e-011
8.51138038202354e+008	2.22250747722630e-005,8.76346386544324e-011
8.70963589956058e+008	2.22251448332530e-005,8.61578653749555e-011
8.91250938133722e+008	2.22252117412414e-005,8.46799339120981e-011
9.12010839355886e+008	2.22252756381135e-005,8.32033283751494e-011
9.33254300796966e+008	2.22253366593709e-005,8.17303284765383e-011
9.54992586021411e+008	2.22253949344185e-005,8.02624909999184e-011
9.77237220955785e+008	2.22254505868385e-005,7.88019973379806e-011
1.00000000000000e+009	2.22255037346523e-005,7.73503327976252e-011
