Freq.	V(vout)
1.00000000000000e+000	2.59987323703770e-002,1.05323492228032e-004
1.02329299228075e+000	2.59987203273932e-002,1.07776775038438e-004
1.04712854805090e+000	2.59987077168395e-002,1.10287200967679e-004
1.07151930523761e+000	2.59986945119673e-002,1.12856100965677e-004
1.09647819614318e+000	2.59986806847669e-002,1.15484836978131e-004
1.12201845430196e+000	2.59986662059088e-002,1.18174802668070e-004
1.14815362149688e+000	2.59986510446810e-002,1.20927424154178e-004
1.17489755493953e+000	2.59986351689243e-002,1.23744160766299e-004
1.20226443461741e+000	2.59986185449639e-002,1.26626505818485e-004
1.23026877081238e+000	2.59986011375375e-002,1.29575987400017e-004
1.25892541179417e+000	2.59985829097215e-002,1.32594169184830e-004
1.28824955169313e+000	2.59985638228517e-002,1.35682651259722e-004
1.31825673855641e+000	2.59985438364419e-002,1.38843070971819e-004
1.34896288259165e+000	2.59985229080977e-002,1.42077103795734e-004
1.38038426460288e+000	2.59985009934267e-002,1.45386464220868e-004
1.41253754462275e+000	2.59984780459445e-002,1.48772906659316e-004
1.44543977074593e+000	2.59984540169755e-002,1.52238226374866e-004
1.47910838816821e+000	2.59984288555505e-002,1.55784260433573e-004
1.51356124843621e+000	2.59984025082979e-002,1.59412888676391e-004
1.54881661891248e+000	2.59983749193306e-002,1.63126034714402e-004
1.58489319246111e+000	2.59983460301281e-002,1.66925666947137e-004
1.62181009735893e+000	2.59983157794111e-002,1.70813799604524e-004
1.65958690743756e+000	2.59982841030128e-002,1.74792493813027e-004
1.69824365246174e+000	2.59982509337420e-002,1.78863858686504e-004
1.73780082874937e+000	2.59982162012410e-002,1.83030052442384e-004
1.77827941003892e+000	2.59981798318357e-002,1.87293283543703e-004
1.81970085860998e+000	2.59981417483802e-002,1.91655811867650e-004
1.86208713666287e+000	2.59981018700926e-002,1.96119949901182e-004
1.90546071796325e+000	2.59980601123835e-002,2.00688063964335e-004
1.94984459975804e+000	2.59980163866773e-002,2.05362575461917e-004
1.99526231496888e+000	2.59979706002233e-002,2.10145962164151e-004
2.04173794466953e+000	2.59979226558997e-002,2.15040759517001e-004
2.08929613085404e+000	2.59978724520072e-002,2.20049561982837e-004
2.13796208950223e+000	2.59978198820535e-002,2.25175024412101e-004
2.18776162394955e+000	2.59977648345271e-002,2.30419863446740e-004
2.23872113856834e+000	2.59977071926611e-002,2.35786858956083e-004
2.29086765276777e+000	2.59976468341852e-002,2.41278855505928e-004
2.34422881531992e+000	2.59975836310663e-002,2.46898763861571e-004
2.39883291901949e+000	2.59975174492370e-002,2.52649562525578e-004
2.45470891568503e+000	2.59974481483114e-002,2.58534299311075e-004
2.51188643150958e+000	2.59973755812868e-002,2.64556092951355e-004
2.57039578276886e+000	2.59972995942321e-002,2.70718134746621e-004
2.63026799189538e+000	2.59972200259614e-002,2.77023690248740e-004
2.69153480392691e+000	2.59971367076917e-002,2.83476100984820e-004
2.75422870333816e+000	2.59970494626851e-002,2.90078786220523e-004
2.81838293126445e+000	2.59969581058734e-002,2.96835244763971e-004
2.88403150312660e+000	2.59968624434662e-002,3.03749056811224e-004
2.95120922666638e+000	2.59967622725392e-002,3.10823885834172e-004
3.01995172040201e+000	2.59966573806036e-002,3.18063480511858e-004
3.09029543251359e+000	2.59965475451559e-002,3.25471676706205e-004
3.16227766016837e+000	2.59964325332050e-002,3.33052399483083e-004
3.23593656929628e+000	2.59963121007784e-002,3.40809665179780e-004
3.31131121482591e+000	2.59961859924046e-002,3.48747583519897e-004
3.38844156139202e+000	2.59960539405707e-002,3.56870359776686e-004
3.46736850452531e+000	2.59959156651553e-002,3.65182296985948e-004
3.54813389233575e+000	2.59957708728332e-002,3.73687798209554e-004
3.63078054770101e+000	2.59956192564543e-002,3.82391368850715e-004
3.71535229097172e+000	2.59954604943910e-002,3.91297619022132e-004
3.80189396320560e+000	2.59952942498556e-002,4.00411265968182e-004
3.89045144994280e+000	2.59951201701866e-002,4.09737136542328e-004
3.98107170553496e+000	2.59949378860994e-002,4.19280169740931e-004
4.07380277804112e+000	2.59947470109031e-002,4.29045419294717e-004
4.16869383470335e+000	2.59945471396800e-002,4.39038056319114e-004
4.26579518801592e+000	2.59943378484259e-002,4.49263372024719e-004
4.36515832240165e+000	2.59941186931511e-002,4.59726780489260e-004
4.46683592150962e+000	2.59938892089372e-002,4.70433821492200e-004
4.57088189614874e+000	2.59936489089512e-002,4.81390163413521e-004
4.67735141287197e+000	2.59933972834117e-002,4.92601606197854e-004
4.78630092322637e+000	2.59931337985076e-002,5.04074084385432e-004
4.89778819368445e+000	2.59928578952648e-002,5.15813670211266e-004
5.01187233627271e+000	2.59925689883596e-002,5.27826576773874e-004
5.12861383991364e+000	2.59922664648767e-002,5.40119161275107e-004
5.24807460249771e+000	2.59919496830082e-002,5.52697928332440e-004
5.37031796370252e+000	2.59916179706909e-002,5.65569533365264e-004
5.49540873857623e+000	2.59912706241803e-002,5.78740786056631e-004
5.62341325190348e+000	2.59909069065561e-002,5.92218653892003e-004
5.75439937337156e+000	2.59905260461581e-002,6.06010265776499e-004
5.88843655355588e+000	2.59901272349481e-002,6.20122915732219e-004
6.02559586074356e+000	2.59897096267943e-002,6.34564066677196e-004
6.16595001861481e+000	2.59892723356747e-002,6.49341354287539e-004
6.30957344480192e+000	2.59888144337960e-002,6.64462590944392e-004
6.45654229034654e+000	2.59883349496239e-002,6.79935769767282e-004
6.60693448007594e+000	2.59878328658196e-002,6.95769068735479e-004
6.76082975391980e+000	2.59873071170797e-002,7.11970854899000e-004
6.91830970918935e+000	2.59867565878741e-002,7.28549688680897e-004
7.07945784384136e+000	2.59861801100766e-002,7.45514328272388e-004
7.24435960074988e+000	2.59855764604839e-002,7.62873734122599e-004
7.41310241300916e+000	2.59849443582179e-002,7.80637073524438e-004
7.58577575029182e+000	2.59842824620046e-002,7.98813725298295e-004
7.76247116628690e+000	2.59835893673251e-002,8.17413284575160e-004
7.94328234724279e+000	2.59828636034314e-002,8.36445567680792e-004
8.12830516164097e+000	2.59821036302225e-002,8.55920617122639e-004
8.31763771102669e+000	2.59813078349715e-002,8.75848706680847e-004
8.51138038202374e+000	2.59804745288987e-002,8.96240346605221e-004
8.70963589956078e+000	2.59796019435831e-002,9.17106288919515e-004
8.91250938133743e+000	2.59786882272042e-002,9.38457532834544e-004
9.12010839355907e+000	2.59777314406058e-002,9.60305330271684e-004
9.33254300796988e+000	2.59767295531741e-002,9.82661191498138e-004
9.54992586021433e+000	2.59756804385214e-002,1.00553689087534e-003
9.77237220955808e+000	2.59745818699647e-002,1.02894447272180e-003
9.99999999999997e+000	2.59734315157918e-002,1.05289625729179e-003
1.02329299228075e+001	2.59722269343023e-002,1.07740484687078e-003
1.04712854805090e+001	2.59709655686152e-002,1.10248313198902e-003
1.07151930523760e+001	2.59696447412304e-002,1.12814429775410e-003
1.09647819614318e+001	2.59682616483327e-002,1.15440183030332e-003
1.12201845430196e+001	2.59668133538269e-002,1.18126952337698e-003
1.14815362149688e+001	2.59652967830901e-002,1.20876148501277e-003
1.17489755493953e+001	2.59637087164287e-002,1.23689214436225e-003
1.20226443461741e+001	2.59620457822254e-002,1.26567625862938e-003
1.23026877081238e+001	2.59603044497619e-002,1.29512892013150e-003
1.25892541179416e+001	2.59584810217014e-002,1.32526556348265e-003
1.28824955169313e+001	2.59565716262159e-002,1.35610197289915e-003
1.31825673855640e+001	2.59545722087391e-002,1.38765428962658e-003
1.34896288259165e+001	2.59524785233301e-002,1.41993901948800e-003
1.38038426460288e+001	2.59502861236265e-002,1.45297304055186e-003
1.41253754462275e+001	2.59479903533695e-002,1.48677361091870e-003
1.44543977074592e+001	2.59455863364787e-002,1.52135837662462e-003
1.47910838816820e+001	2.59430689666580e-002,1.55674537965991e-003
1.51356124843620e+001	2.59404328965053e-002,1.59295306609988e-003
1.54881661891248e+001	2.59376725261094e-002,1.63000029434566e-003
1.58489319246111e+001	2.59347819911018e-002,1.66790634347096e-003
1.62181009735892e+001	2.59317551501439e-002,1.70669092167136e-003
1.65958690743755e+001	2.59285855718184e-002,1.74637417481159e-003
1.69824365246174e+001	2.59252665208982e-002,1.78697669506549e-003
1.73780082874937e+001	2.59217909439639e-002,1.82851952964327e-003
1.77827941003892e+001	2.59181514543356e-002,1.87102418959927e-003
1.81970085860998e+001	2.59143403162899e-002,1.91451265871303e-003
1.86208713666286e+001	2.59103494285253e-002,1.95900740243559e-003
1.90546071796324e+001	2.59061703068407e-002,2.00453137689171e-003
1.94984459975804e+001	2.59017940659903e-002,2.05110803792804e-003
1.99526231496887e+001	2.58972114006732e-002,2.09876135019582e-003
2.04173794466952e+001	2.58924125656187e-002,2.14751579625567e-003
2.08929613085403e+001	2.58873873547220e-002,2.19739638569068e-003
2.13796208950222e+001	2.58821250791854e-002,2.24842866421244e-003
2.18776162394954e+001	2.58766145446179e-002,2.30063872274326e-003
2.23872113856833e+001	2.58708440270417e-002,2.35405320645592e-003
2.29086765276776e+001	2.58648012477542e-002,2.40869932375073e-003
2.34422881531991e+001	2.58584733469904e-002,2.46460485514732e-003
2.39883291901948e+001	2.58518468563273e-002,2.52179816206669e-003
2.45470891568502e+001	2.58449076697704e-002,2.58030819547652e-003
2.51188643150957e+001	2.58376410134597e-002,2.64016450437021e-003
2.57039578276885e+001	2.58300314139262e-002,2.70139724404727e-003
2.63026799189537e+001	2.58220626648323e-002,2.76403718415972e-003
2.69153480392690e+001	2.58137177921220e-002,2.82811571648575e-003
2.75422870333815e+001	2.58049790175029e-002,2.89366486238844e-003
2.81838293126444e+001	2.57958277201828e-002,2.96071727991309e-003
2.88403150312659e+001	2.57862443967751e-002,3.02930627047311e-003
2.95120922666637e+001	2.57762086192854e-002,3.09946578506885e-003
3.01995172040200e+001	2.57656989910877e-002,3.17123042997970e-003
3.09029543251358e+001	2.57546931007946e-002,3.24463547186354e-003
3.16227766016837e+001	2.57431674739189e-002,3.31971684219224e-003
3.23593656929627e+001	2.57310975222237e-002,3.39651114094488e-003
3.31131121482590e+001	2.57184574906486e-002,3.47505563947397e-003
3.38844156139201e+001	2.57052204016986e-002,3.55538828245157e-003
3.46736850452530e+001	2.56913579971738e-002,3.63754768879433e-003
3.54813389233574e+001	2.56768406771168e-002,3.72157315145726e-003
3.63078054770100e+001	2.56616374358427e-002,3.80750463597617e-003
3.71535229097171e+001	2.56457157949200e-002,3.89538277762763e-003
3.80189396320559e+001	2.56290417329556e-002,3.98524887706412e-003
3.89045144994279e+001	2.56115796120383e-002,4.07714489426867e-003
3.98107170553495e+001	2.55932921006852e-002,4.17111344065963e-003
4.07380277804111e+001	2.55741400931322e-002,4.26719776916119e-003
4.16869383470333e+001	2.55540826248001e-002,4.36544176203838e-003
4.26579518801591e+001	2.55330767837665e-002,4.46588991627716e-003
4.36515832240164e+001	2.55110776180643e-002,4.56858732627142e-003
4.46683592150961e+001	2.54880380386215e-002,4.67357966355591e-003
4.57088189614873e+001	2.54639087176554e-002,4.78091315330222e-003
4.67735141287196e+001	2.54386379823238e-002,4.89063454726856e-003
4.78630092322636e+001	2.54121717034348e-002,5.00279109286664e-003
4.89778819368444e+001	2.53844531790115e-002,5.11743049797930e-003
5.01187233627270e+001	2.53554230125017e-002,5.23460089112899e-003
5.12861383991362e+001	2.53250189854241e-002,5.35435077656168e-003
5.24807460249770e+001	2.52931759242383e-002,5.47672898377269e-003
5.37031796370250e+001	2.52598255612231e-002,5.60178461095688e-003
5.49540873857622e+001	2.52248963891554e-002,5.72956696182213e-003
5.62341325190346e+001	2.51883135095764e-002,5.86012547515215e-003
5.75439937337154e+001	2.51499984744443e-002,5.99350964645335e-003
5.88843655355586e+001	2.51098691209747e-002,6.12976894095852e-003
6.02559586074355e+001	2.50678393994857e-002,6.26895269719956e-003
6.16595001861479e+001	2.50238191940744e-002,6.41111002028858e-003
6.30957344480190e+001	2.49777141359754e-002,6.55628966397517e-003
6.45654229034652e+001	2.49294254094704e-002,6.70453990046405e-003
6.60693448007593e+001	2.48788495502523e-002,6.85590837689082e-003
6.76082975391978e+001	2.48258782361820e-002,7.01044195726047e-003
6.91830970918933e+001	2.47703980704187e-002,7.16818654854815e-003
7.07945784384134e+001	2.47122903569620e-002,7.32918690955805e-003
7.24435960074986e+001	2.46514308687050e-002,7.49348644101376e-003
7.41310241300914e+001	2.45876896081748e-002,7.66112695523349e-003
7.58577575029180e+001	2.45209305612276e-002,7.83214842360670e-003
7.76247116628688e+001	2.44510114440712e-002,8.00658869995033e-003
7.94328234724277e+001	2.43777834441106e-002,8.18448321767100e-003
8.12830516164095e+001	2.43010909552607e-002,8.36586465850322e-003
8.31763771102667e+001	2.42207713085335e-002,8.55076259042837e-003
8.51138038202372e+001	2.41366544989080e-002,8.73920307220738e-003
8.70963589956076e+001	2.40485629097107e-002,8.93120822178147e-003
8.91250938133741e+001	2.39563110359986e-002,9.12679574561456e-003
9.12010839355905e+001	2.38597052087297e-002,9.32597842586457e-003
9.33254300796986e+001	2.37585433218507e-002,9.52876356208825e-003
9.54992586021431e+001	2.36526145648140e-002,9.73515236399982e-003
9.77237220955805e+001	2.35416991634830e-002,9.94513929163143e-003
9.99999999999995e+001	2.34255681328801e-002,1.01587113390802e-002
1.02329299228075e+002	2.33039830457987e-002,1.03758472578818e-002
1.04712854805089e+002	2.31766958219350e-002,1.05965167159324e-002
1.07151930523760e+002	2.30434485429104e-002,1.08206793877962e-002
1.09647819614318e+002	2.29039732993491e-002,1.10482839721984e-002
1.12201845430196e+002	2.27579920770671e-002,1.12792671325208e-002
1.14815362149688e+002	2.26052166904056e-002,1.15135523562123e-002
1.17489755493952e+002	2.24453487718310e-002,1.17510487292108e-002
1.20226443461741e+002	2.22780798281072e-002,1.19916496217683e-002
1.23026877081237e+002	2.21030913746418e-002,1.22352312825032e-002
1.25892541179416e+002	2.19200551610078e-002,1.24816513381039e-002
1.28824955169313e+002	2.17286335021460e-002,1.27307471968908e-002
1.31825673855640e+002	2.15284797313500e-002,1.29823343554713e-002
1.34896288259165e+002	2.13192387928181e-002,1.32362046090079e-002
1.38038426460288e+002	2.11005479933015e-002,1.34921241672196e-002
1.41253754462275e+002	2.08720379341558e-002,1.37498316801979e-002
1.44543977074592e+002	2.06333336468867e-002,1.40090361804821e-002
1.47910838816820e+002	2.03840559570116e-002,1.42694149506678e-002
1.51356124843620e+002	2.01238231026779e-002,1.45306113291532e-002
1.54881661891247e+002	1.98522526359155e-002,1.47922324705354e-002
1.58489319246110e+002	1.95689636355449e-002,1.50538470816689e-002
1.62181009735892e+002	1.92735792615148e-002,1.53149831595641e-002
1.65958690743755e+002	1.89657296806504e-002,1.55751257631363e-002
1.69824365246173e+002	1.86450553933047e-002,1.58337148573416e-002
1.73780082874936e+002	1.83112109890320e-002,1.60901432754425e-002
1.77827941003891e+002	1.79638693569313e-002,1.63437548529765e-002
1.81970085860997e+002	1.76027263725138e-002,1.65938427953942e-002
1.86208713666286e+002	1.72275060775831e-002,1.68396483501292e-002
1.90546071796323e+002	1.68379663624150e-002,1.70803598628889e-002
1.94984459975803e+002	1.64339051502343e-002,1.73151123069334e-002
1.99526231496887e+002	1.60151670723606e-002,1.75429873826897e-002
2.04173794466952e+002	1.55816506082173e-002,1.77630142928047e-002
2.08929613085403e+002	1.51333156475169e-002,1.79741713041120e-002
2.13796208950222e+002	1.46701914122718e-002,1.81753882123655e-002
2.18776162394954e+002	1.41923846538796e-002,1.83655498272169e-002
2.23872113856832e+002	1.37000880155933e-002,1.85435005929982e-002
2.29086765276776e+002	1.31935884236019e-002,1.87080504545228e-002
2.34422881531991e+002	1.26732753413278e-002,1.88579820654600e-002
2.39883291901947e+002	1.21396486922988e-002,1.89920594190029e-002
2.45470891568501e+002	1.15933262282257e-002,1.91090379557870e-002
2.51188643150956e+002	1.10350500922160e-002,1.92076761717323e-002
2.57039578276885e+002	1.04656923041152e-002,1.92867487084029e-002
2.63026799189536e+002	9.88625887782825e-003,1.93450608606578e-002
2.69153480392690e+002	9.29789227130290e-003,1.93814643814181e-002
2.75422870333815e+002	8.70187187092158e-003,1.93948744024167e-002
2.81838293126443e+002	8.09961222549625e-003,1.93842872246837e-002
2.88403150312659e+002	7.49265877279391e-003,1.93487986657343e-002
2.95120922666637e+002	6.88268084491618e-003,1.92876225851766e-002
3.01995172040200e+002	6.27146179860379e-003,1.92001091505006e-002
3.09029543251357e+002	5.66088619234759e-003,1.90857623543690e-002
3.16227766016836e+002	5.05292402268028e-003,1.89442562581830e-002
3.23593656929626e+002	4.44961213453421e-003,1.87754494182928e-002
3.31131121482589e+002	3.85303303117244e-003,1.85793969547206e-002
3.38844156139200e+002	3.26529142281538e-003,1.83563597504828e-002
3.46736850452529e+002	2.68848896364395e-003,1.81068103240828e-002
3.54813389233573e+002	2.12469772770117e-003,1.78314349984073e-002
3.63078054770099e+002	1.57593305856563e-003,1.75311320941555e-002
3.71535229097170e+002	1.04412648920044e-003,1.72070060012352e-002
3.80189396320558e+002	5.31099461771547e-004,1.68603571216242e-002
3.89045144994278e+002	3.85385787329631e-005,1.64926678249197e-002
3.98107170553494e+002	-4.32026915649602e-004,1.61055847050647e-002
4.07380277804110e+002	-8.79244789395242e-004,1.57008975650648e-002
4.16869383470332e+002	-1.30195607404333e-003,1.52805156777288e-002
4.26579518801589e+002	-1.69920749519959e-003,1.48464419674350e-002
4.36515832240163e+002	-2.07025980358199e-003,1.44007458251158e-002
4.46683592150960e+002	-2.41459187708679e-003,1.39455353026303e-002
4.57088189614872e+002	-2.73190061543878e-003,1.34829294323557e-002
4.67735141287195e+002	-3.02209679331813e-003,1.30150313844342e-002
4.78630092322635e+002	-3.28529716787271e-003,1.25439031110776e-002
4.89778819368443e+002	-3.52181324603123e-003,1.20715420398379e-002
5.01187233627268e+002	-3.73213720161505e-003,1.15998602722112e-002
5.12861383991361e+002	-3.91692548946104e-003,1.11306666273989e-002
5.24807460249769e+002	-4.07698073315117e-003,1.06656517505847e-002
5.37031796370249e+002	-4.21323246581888e-003,1.02063763872729e-002
5.49540873857620e+002	-4.32671728267577e-003,9.75426281572301e-003
5.62341325190345e+002	-4.41855892326129e-003,9.31058933273806e-003
5.75439937337152e+002	-4.48994874550198e-003,8.87648760709096e-003
5.88843655355584e+002	-4.54212698724536e-003,8.45294265140268e-003
6.02559586074353e+002	-4.57636513864732e-003,8.04079511775893e-003
6.16595001861477e+002	-4.59394967485702e-003,7.64074559412206e-003
6.30957344480188e+002	-4.59616732645096e-003,7.25336056617865e-003
6.45654229034650e+002	-4.58429199787007e-003,6.87907971058876e-003
6.60693448007591e+002	-4.55957338378562e-003,6.51822419824935e-003
6.76082975391976e+002	-4.52322728118606e-003,6.17100570761362e-003
6.91830970918931e+002	-4.47642755169559e-003,5.83753587583149e-003
7.07945784384132e+002	-4.42029965428759e-003,5.51783594719901e-003
7.24435960074984e+002	-4.35591564278657e-003,5.21184641210934e-003
7.41310241300911e+002	-4.28429050466795e-003,4.91943646370295e-003
7.58577575029177e+002	-4.20637970676780e-003,4.64041313238272e-003
7.76247116628685e+002	-4.12307780858591e-003,4.37452998929375e-003
7.94328234724275e+002	-4.03521800385137e-003,4.12149533808049e-003
8.00000000000000e+002	-4.00726946865034e-003,4.04585605210890e-003
